8080808080808080808080808080808080
4343434343496275757575757575757575
828282828282828282827752434e584f45
8181818181828475434e584f4545454545
8282827345334471717171717171717171
49494949493e697e7e7e7e7e7e7e7e7e7e
8282828282828273455f5b4a494e5c4949
828282828283837a494e5c494949494949
8181818181818181818181828182828282
8181818181828282818282828282828382
808080808080808080807f818182828283
8484848484858282818282828383838383
8585858383828282828282838284838383
8585858585848282828483838383838383
8585858585858583838484858585858786
8686868686868685858585878686868686
8383837349384871717171717171717171
4a4a4a4a4a556a7d7d7d7d7d7d7d7d7d7d
868683828383837349625a484a6f534477
82828282828382784a6f53447777777777
85838382777f8281818181818181818181
8383838383838382828282828282828282
8585858585838382778780838384848586
8585858585848583838484858686868686
8586858586868382838282838283848585
8686868686858684828384858585858685
8585858585868585868485868684858684
8484848484848586868485868484848484
8685848384848585858585868585868684
8686868686868686858586868484848484
8686868686858483848485868685848383
8484848484848586868584838383838383
8080808080808080808082858484848485
8383838383838384848484848585868686
8080808080808080808080828384858584
8585858585858483838485858484848484
8383848584848483858586868685848585
8484848484848585868584858585848484
8383838383838485848584848483848584
8484848484838484848384858484848484
8181818181818181818181838585868483
8686868686848485858586848384848484
7f7f7f7f7f7f7f7f7f7f80848684828384
8686868686868585868482838484848484
8584868584848383838484848484848484
8686868686848484848484848484848484
8585858585848685848384858686848484
8484848484858484868684848484848484
8484848384848485858584848485848486
8484848484848484848584848686868584
8484858484848483848384858484858585
8585858585848484848485858585858585
8486878585858586868686858483838283
8585858585848484848383828383838383
8484848484868785858483858585868684
8585858585858586858586868484848484
8282848484848584848485848587868584
8484848484848485858786858485858585
8282828282828484848586858484838282
8383838383838382848483828282828282
8383828282838585848585858585848382
8282828282828283858584838282828282
8383838383838282828383828282818282
8383838383838282828281828282828282
8485858686838382828282828282828282
8585858585868684848484848484848484
8383838384858586868785858585858485
8383838383848485858585848585858585
8484848485858586868686868686868686
8484848484858585858585858585858585
8484848484848484858685848483838486
8383838383848483848383848686868686
8383838383838383848383838383848484
8484848484848383838384848484848483
8485848483838383838383838485858584
8585858585848483848585858484848484
8686868484848385848484848383858484
8585858585858484838385848484848484
8686868686868684848585848585848686
8585858585858786858584868686868686
8483848486858484848484848484848484
8585858585858585858585858585858585
8685848384838484868584848584858484
8585858585848484858485848484848484
8684838384848484848484848484848484
8484848484838383838383838383838383
8686868686848383848484848483848485
8585858585868584848384848585858585
8485858686858483848484848585858586
8585858585858585858585858685858485
8484848484858586868686858585858584
8484848484838485858585858484848484
8483848484858486868585848585858585
8484848484848585858585858585858585
8484848484838484848383848484848484
8484848484848483848484848484848484
8284848484858484838484848586868686
8585858585858686858686868686858585
8282838482848484848483858585848382
8383838383838284858584838282828282
8483838382848585868685858585858584
8383838383838385858585858484848484
8484848484838383828384848384838283
8484848484838384838483828383838383
8282828282828384828384838383838484
8282828282828282838383848484838384
8282828282828282828282828283838383
8484848484838383828383838383838383
8282838383828282848483838483838484
8282828282838383848383848484848484
8282828282828383838383828283838383
8383838383838383828383838383838383
8484838383838484848484848484838384
8383838383838583848483838484838384
8383848484848383838383828383838482
8383838383848383838383848282828282
8183838382838483848483838484848383
8383838383838384848484838383838383
8181818181838383828383848382838280
8181818181828383838283828080808080
8382838383838484848483838383838381
8383838383838283838383838182838381
8383838383828383838383838383838283
8484848484838282838383828383838383
8182838383828282818283838180808081
8080808080808081818080808181818181
81818181818283838382817f80807f8080
808080808080808080807f808080808080
8585858685848483838383838383838383
8585858585858485858585858585858585
8484848385858586858686858585858585
8484848484858685858585858585858585
8384848585858687878787878787878787
8484848484858584848484848484848484
8383838383848485858584858484848383
8383838383838384848484838383838383
8384848384848483858584848483848483
8383838383838484848384848383838383
8081828383848483848483838384848282
8181818181828383838484828282828282
8080818182838383838383838382828281
8080808080808182838282828181818181
8080808080808181828181818081818080
8181818181818080808181808080808080
8182838383838484848484848484848484
8383838383838383838383838383838383
8080808081828383838282828383838382
8181818181808183838383838282828282
8181818182838483838383838383838383
8383838383838484848484848484848484
8181818181818181828283838383838383
8181818181818181838383838383838383
8181818080808080818181808181808181
8080808080808080818180818181808081
8181818181818180808180808080808181
8080808080808080808080818181818181
8181818081808081818180808181818080
8181818181818080818181808080808080
8181818181818180818081808181808081
8181818181818081818180808181818181
8181808080818283838282828181818080
8080808080818181818181808080808081
8080808081818080808180808080808181
8181818181818080808080818181818181
8181818181818080808080808180808081
8181818181818181818080808180808080
8181818181818181818081818180808181
8080808080818081818080818181818181
8180808180808080818180818181818181
8080808080808081818181818181818180
8181818181808081808080808081818080
8181818181818181808181808080808080
8180818080808181818181818081818181
8181818181818181808181818181818181
8181818181808180808181808180818080
8080808080818181818081808080808080
8181818181818081818080808080808181
8181818181818180808080818181818081
8081808181818181818080808181808181
8181818181808081818180818181818181
8181818181818181818181808181808081
8080808080808080818180808181818181
8181818181818181818181808081808080
8181818181818080808180808080808080
8181818080818081818180808180818181
8080808080808081818081818181808081
8181818181818180808180808080808080
8181818181818081808080808080808080
8181818080818181818180808181818181
8080808080808080818181818181818181
8181818181818180808080818080808180
8181818181818180808080818080808080
8080808283838485858585858585858585
8383838383848485858585858585858585
8181818180808082838383838383838485
8080808080818283838383848585858585
8383848585848485858585858585858585
8484848484848485858585858585858585
8383838383838485858483848484848485
8484848484848384848484848585858585
8180808181818181808181818081818283
8181818181818180808181828384838384
8080818181808081818081818180808181
8181818181818081818080818181818181
8181818081808081838483838483838383
8484848484848484848383838383838383
8181818181818180818080818484838384
8080808080808082848483838484848484
8383838485858585858585858585858585
8484848484848383838383838383838383
8484848483838384858585848484848384
8484848484848483848484838484848484
8383838384848485858585858585858585
8585858585858585858585858585858585
8383838383838383848484858585868485
8585858585848484858586848585858585
8484848484848484838383838485848383
8484848484838284848584838383838485
8484848484848484848483838483848484
8484848484848484848384848484848484
8483838484858584838383848584858584
8484848484848485858485858484848484
8484848484838384848584848484848485
8585858585858484848484848585858585
8181808080808181818081818181808181
8181818181808081818180818181808080
8080808081818080808180808180808080
8181818181818081818080808080808080
8181808080808081818180808080808284
8080808080808180808080828484848484
8181818181818080808081808080808080
8181818181808080808080808080808080
8181818080808080818180808180808181
8080808080808081818080818181808181
8181818181818180808080818080808180
8080808080808180808080818080808080
8180808080808081818180818180808080
8080808080808081818080808080808080
8181818181808080808081808080807f80
80808080808080808080807f8080808080
8080808080808082848484848484848484
8383838383848484848484848484848485
8080808080808080808080828384848484
8080808080818283838484848484848484
8484838484848484848484848585848384
8484848484848384858584838484848484
8484848484848384848584848483838484
8484848484848383848383848484848484
8080807f80808080808080808083848484
7f7f7f7f7f80807f808384848484848484
808080808080807f80807f7f7f7f7f8182
80808080808080807f7f7f818282828282
7f7f808082838484848484848484848484
8484848484848485848484848484848484
7f7f7f7f7f7f8080828384848484848484
8484848484848484848484848484848484
8484858585858585858585858585858585
8484848484848484848484848484848484
8584858584848585858686858484848585
8686868686868685848484858585858585
8484858585848484848484848484848484
8484848484848485858585858585858585
8484848484848585858483838485848484
8484848484848484848584848484848484
8483838485848585848586858686868584
8585858585858485868686858484848484
8484848484838384858585848586868687
8585858585848485858686868787878787
8686868587878685848484848484848484
8585858585858483848484848484848484
8686868686868685878786858585848384
8787878787878785858584838484848484
8484858584858586868686868686868686
8686868686878484848484848484848484
8484848484848585848585858686858686
8484848484858586868685868686868686
8685858686868686868686868686868686
8787878787868686868686868686868686
8686868686858586868585858786858586
8686868686858685878685858686868686
8484848484848484848585848485858686
8686868686868686848585868685848486
8484848484848484848484848685858585
8686868686848485868585858585858585
8585858485858585868584848686858687
8686868686848586868685868787878787
8585858585858584858585868685858687
8686868686868687868585868787878787
8484848584848484848484848585848586
8585858585848484858584858686868787
8484848484848485848485848584848485
8484848484858484858484848585858585
8584848485858586868686878786868584
8686868686868686878686858484858586
8585858585848484858586868686868687
8686868686868686868686868787878787
8585858584848484848484838485848485
8383838383838484848584848585858586
8585858585858585848383838383848484
8585858585838483838384848484848484
8485848484858585858585858686868586
8585858585858585868686858686868686
8484848484858484848485858584848485
8585858585868585858484848585858585
8686868787868685848485858686848485
8585858585858486868684848585858586
8585868786868687878786858585848484
8686868686878686858584848484848484
8484858484848584858585858686868686
8484848484858586868686868686868686
8484848484848584848484848485858585
8484848484838484848585858585858585
8484848585858687868684848686868584
8585858585868686868686858484858484
8484848484848485858584848586868685
8585858585858585858686868585858585
8787878785878685848485848485848384
8585858585858485848584838484848484
8787878787878787858686858584848484
8888888888888785858484848484848484
8786868586878884848484848484848484
8383838383848585858585858585858585
8787868787868685868786838386858685
8686868686888683838685868585858585
8485858585868685858585858585858585
8a8a8a8a8a8a8582828282828282828282
8484848484858585858587888a89838285
87878787878787888a8983828585858585
8685868787878687878685858687858384
8585858585848484868785838485868787
8585858786858687878685858584848688
8686868686868585858484868888888888
8584838688868382848586878787878989
8585858585858686878787898989898989
8585858585848386888583848586868787
8888888888848284858686878787878787
8485858585858587868585868685848485
8484848484858786868584848584848788
8484838484858585858586858485868685
8686868686858685848586868585858585
8485868585858585858484878885858785
8484848484848588888585878585858585
8484848484858685858585848485868887
8585858585858584848586888787878787
8484848384848384848685858685868584
8383838383838485868586858486868585
8484848484848483848383838384838485
8383838383838382838483848585858585
8483838485858685848686858586868684
8585858585858686858686868484848484
8484848484838384858586858586868684
8585858585878785858686868484848484
8080808080808080808081868685858585
8282828282858485868585858585858584
8282828282828282828283848282828283
8282828282828282828282828383838383
8281828283828285858585858481818282
8282828282838282848181828282828383
8282828282818282838383838282828283
8282828282828282828282828383838383
808080808080808080807f818282828282
8282828282828281828282828282828282
8181818181818181818180818282828181
8383838383828282828282818181818181
8382828181828282828282828282828282
8282828282828282828282828282828282
8383838383828281818282828283838282
8686868686848382828383828282828282
8282838383828383828282838383828283
8282828282838282838382828383838383
8282828282828383838383838282838383
8383838383828282828283838383838383
8282828283838383838383838382828282
8282828282828282838282828283848384
8282828282828282838282828282838482
8282828282838382828283848282828282
8484848282828282828282828383838282
8484848484838383838383828282828382
8484848484848482828283848485858585
8484848484858485848585858585858585
8484848485848282828282838282838585
8585858585858583828283858585858585
8484848484848484858585858584858484
8282828282848585858485848484848484
8181818181818181818180818382838283
8282828282848483838283828384848586
8080808080808080808082848283848484
8282828282838484828384848484848484
8281848484838485838484858685848484
8484848484848585868584848485858584
8282828282818484848484848484848382
8282828282838282848484838282828282
8181818181818181818182828280818182
8282828282838280828081818282828282
8181818181818181818180818281818181
8181818181818181828181818181818181
8181828181818282828282828282818182
8282828282828281828281818282828282
8181818181818281818282818281818283
8181818181828281828181828383838383
8282828282848484848585858484848484
8181818181818384848484848484838282
8382828282828282828282818182828282
8282828282828182818282828282828282
8181818282818283848483828281828283
8383838383828282828182828383838383
8181818181818182828282838382828282
8181818181828281838282828282828282
8282828283828282828282828281828281
8282828282818181828182828182828281
8282828282828282838282828282828282
8282828282828282828282828282828282
8282838382828282818282828182838281
8383838383828382818283828181818181
8282828282828383828282828383828283
8282828282828383838382828383838383
8583838282828282828384838483838482
8383838383838283848383848283838383
8484848585838382828383838383838484
8585858585858583838383848484848484
8485858584838384828383838383838383
8585858585858383838383838383838384
8484848484858585848384858584848485
8484848484838584858484848585858585
8384838484848485858484848585848384
8484848484848484858584838484848484
8282828283848384848585848483828281
8383838383828282848382828181818181
8282828281838584848484848483848381
8282828282828183848384838181818181
8282828282828282818282838282838283
8181818181828282828283828383838383
8184858585848584838383838484858381
8484848484858485848485838180807f80
8383828181848585858484848483818080
8181818181818485848381808080808080
7e7f8080808080818180807f8080818181
8080808080808080808081818181818081
7e7e7e7e7e7f8080808080818080808081
8080808080808080808080808181818181
8483838283838281818182828182817f7e
82828282828182828182817f7e7f807f80
8484848484838382838282828281807f80
82828282828282828281807f8080808080
8080808080807f807e7f807f8080808080
8181818181818080808080808080808080
8080808080808080808180808180818181
8181818181818080818081818181818181
8182828182828282838282828382828282
8282828282828183838282828282838281
8382828281828281828283838282828283
8282828282828282828282828383838383
8282828283828182828283828182818384
8282828282828281818281838483828382
8282828282828282838382828282828281
8282828282838282828282828181818181
8382828283828282818182818282818282
8282828282838283828281828282828282
8383838383828282838383838283828383
8383838383838383828382838383838383
8283838383838282828282828282828383
8383838383828383828282838383838383
8282828282838383838383838383848484
8585858585848382838384848484848484
8382828281818283848382838280807f80
81818181818181828280807f8080808081
8483838383828282818282818180818384
8686868686858481818081838484848484
8f8e8b8884817f80808080808181848687
8c8c8c8c8c888783818184868787878787
8f8f8f8f8f8e8b88848888898c8f919393
8c8c8c8c8c8d8c8d8c8f91939393939393
87868685848383838383848486898b8d8f
868686868689898886898b8d8f90908e8c
87878787878686858487898886888a8d8f
878787878787878786888a8d8f8f8f8f8f
8c8e8e8e8f908f8f8f90908e8c8e909190
8d8d8d8d8d8c8c8c8c8e90919090909090
8c8c8c8c8c8e8e8e8f9090908d89898c8d
8a8a8a8a8a898c8d8d89898c8d8d8d8d8d
8080818181818181818181808182818081
8181818181808181818281808181818080
8181818080808181818181808181818180
8080808080808181818181818080808080
8080818180818181818181808081808081
8080808080808080808180808180818181
8080808080808181808181818080818180
8080808080818181808081818080808080
8784818081818180808080808080818080
8181818181818180808081808080808080
93918b8887848180818181818181818081
8b8b8b8b8b8b8681818181808181818181
8d8b8a8481818180808080808081808180
8383838383808080808180818080808080
8d8d8d8d8d8b8a84818282828383848484
91919191918d8b88838384848484848484
8081818181808081818081818181808181
8181818181818080818180818180808081
8481818080818181818181818181818181
8080808080808180818181818181818181
8080818181808081818080808181808181
8181818181808081818180818181818180
8080808080808181818181818181818081
8080808080818181818181808181818181
91918d8984818180808180808081808080
8585858585828181808180808081818080
9191919191918d89848485858585868686
8d8d8d8d8d908f8a858586868686868686
8b8d8f8c86828181808181808080808080
8686868686818181808080808080808080
8b8b8b8b8b8d8f8c868686868687868786
8a8a8a8a8a8b8e8d868786878686868686
9091929393918b8887898a898b8b8b8c8d
9191919191908e8c8b8b8b8c8d8e909191
8d8c8c8f90919293939292929191929190
8d8d8d8d8d8e9090919192919090909090
8f908f8d9090908f8d8e90919192929191
90909090908e90919192929191908f8e8d
8f8f8f8f8f908f8d908f8d8e9090909091
8f8f8f8f8f909091909090909191919191
8c8d8d8d8d8c8c8f90908e8c8d8e8f8f8f
8d8d8d8d8d8e8e8d8d8e8f8f8f8f8f8e8f
8c8c8c8c8c8d8d8d8d8d8d8d8d8d8c8b8b
8b8b8b8b8b8b8b8d8d8d8c8b8b8b8b8b8b
8e8e8c8b8b8c8c8e8f8f8f8e8f8e8d8d8e
8b8b8b8b8b8b8b8d8f8e8d8d8e8e8e8e8e
8e8e8e8e8e8e8c8b8b8c8b8a8b8b8a8a8b
8d8d8d8d8d8e8d8c8b8b8a8a8b8b8b8b8b
8e909091918e8e8f91908f8e8d8c8a8b8b
929292929292908c8d8c8a8b8b8a8a8a8a
8b8b8a8c8e909091919091929293939292
8f8f8f8f8f909192929393929292929292
9192929292928f8d8b8a8a8a8a8a898989
949494949493928f8a8a89898989898989
9191919191929292929393949494939595
9393939393939292949493959595959595
8e8e8c8b8b8b8a8c8e8e8e8f8f8f909191
8c8c8c8c8c8c8d8d8f8f90919192929293
8e8e8e8e8e8e8c8b8b8b8b8c8c8c8c8d8e
8b8b8b8b8b8c8c8b8c8c8c8d8e8e8e8e8e
8d8e8d8d8e8f8e90919292929392939393
8f8f8f8f8f909192939293939393939393
8d8d8d8d8d8e8d8d8e8e8f8f8f90919292
8f8f8f8f8f8f8e8f8f9091929292929292
8081818181818080818181818080808181
8181818181818080808080818181808180
8681818180818181818080818181808181
8080808080808181818180818181818181
8080818181818180818180818080808080
8181818181818080808080808081808080
8080808080808181818180808181808080
8080808080808181818180808080808080
89898c8c86818181808181808080818180
8686868686818181808081818081808180
9595938f89898c8c868787868686868687
8a8a8a8a8a888b8b868686868787878787
888b8e8c87818080808180818080818081
8787878787828180808081808181818181
88888888888b8e8c878787888787888787
8c8c8c8c8c8f908c878788878787878787
818180808080808080818080808080807f
8181818181808080808080807f82848484
8781808081818080808081808180808080
8080808080808080818080808080808080
7f8080808080807f7f8284848484848485
8383838383838483848484848585848485
7f7f7f7f7f808080808080838384848484
8282828282838484838484848484848484
9192918c8781808081818080808080807f
8888888888828181808080807f80807f82
919191919192918c878888888888878686
9292929292918e8b888887868686868686
8b8b8b8a868180807f80807f8283848484
8484848484808081828384848484848484
8b8b8b8b8b8b8b8a868685858484848383
8a8a8a8a8a8a8989848484838383838383
939393949595938f89898a898a8a888988
949494949494928f8a8a888988888a8b8c
9292929293939394959493939494949392
9292929292929294949494939292929292
9292939292928e8988888a8b8c8e8f8f91
949494949494928c8c8e8f8f9192919292
9292929292929392929293949493929391
9292929292929292949392939191919191
9091919192929292939392929291919192
9191919191919293929191919292919192
9090909090919191929191919190919090
9191919191919191919091909090909090
8f91909090919191929291919291908f90
8e8e8e8e8e8e8f909291908f9090909090
8f8f8f8f8f919090908f8e8f8e8e8e8c8c
8b8b8b8b8b8b8d8d8e8e8e8c8c8c8c8c8c
90909191918f8f90919291929291918e8b
90909090909291919291918e8b8c8c8b8a
8c8c8b8f90909191919090909091919090
8f8f8f8f8f8f8e8e909191909090909090
90919090908e8b8b8b8c8c8b8a898a8989
878787878788898a8a898a898989898989
909090909091909090908e8a87898a8a89
888888888888878687898a8a8989898989
8d8d8c8b8c8c8b8f9090908f8f8f8d8e90
8b8b8b8b8b8c8d8e8f8f8d8e9090908c88
8d8d8d8d8d8d8c8b8c8c8b8a8b8b8b8a8b
8e8e8e8e8e8c8c8c8b8b8b8a8b8b8b8b8b
898a8c8b8b8d8e8f9090908c8889898a8a
8a8a8a8a8a8a88888889898a8a8a8a8a8a
89898989898a8c8b8b8a8b8d8a898a8a89
868686868688898a8a898a8a8989898989
8485858584858484858584848584848484
8484848484848485858484848485848485
8383848484858585848585848485858483
8383838383848485848585848383838383
8383858583838484848584848586868484
8484848484858384858686848484848485
8383838383838585838484838485848484
8383838383838383848584848484848484
8989888883838484848384848383848383
8383838383848484838384838384858483
8989898889898888838382838384848484
8989898989898885838484848484848484
8484858584848484838485848384848384
8585858585848383838484838484848484
8484848484848585848485858584838483
8585858585858585858483848383838383
8485858484858485848484848586868787
8484848484848485858686878787878888
8383828384858584848585858484858585
8484848484858585848485858585858585
8484838485868687878787888888878584
8787878787878688888887858484848383
8484848484848384858687868787858587
8585858585848586878785858787878787
8484848483838283848483838484848584
8484848484848483848484858483858585
8484848484848484838383838484848384
8383838383848483848484838484848484
8384848384848585848385858585848384
8484848484858585858584838484848484
8383838383848483848485858484848383
8484848484848484848484838383838383
8a8a8a8989898988898989898989888684
8888888888888888898988868484848485
898a8a898a8a8a89898989888888858484
8585858585878888888885848484848484
8483848584848484848484848585848484
8383838383848384858584848483848483
8484848484838485848584838384848484
8484848484848483838484848484848484
84848385898a8a898a8a8a898584848384
8383838383848383858484838484848484
8484848484848385898785838383838384
8484848484848383838383838484848484
8283838384858383848484848484858584
8484848484848484848485858484848484
8282828282838383848483848485838384
8282828282838483848583838484848484
8484848384848484848384848385848283
8484848484848484838584828385858384
8485858484848483848484848484828384
8383838383838485848482838484848484
8382828384848383838585838484838484
8484848484868584848483848484848484
8383838383828283848483848485848384
8484848484848484848584838484848484
8283838484858584848484848383838383
8484848484858484838383838383848484
8282828282838384848484848484848483
8484848484848484848484848383838383
8584838383838383838384848484838383
8484848484848384848483838383838383
8585858585848383838485848483838483
8484848484858483848383848383838383
8485858687878685848484838382828484
8585858585848484838282848484858585
8384848484858586878685848584848484
8686868686868785858484848484848484
8484848484838383848485858587878585
8585858585858585858787858585858585
8484848484848484848383848585868684
8383838383838484858586868484848484
8484848383848484848686868686858584
8585858585868786868685858484848483
8484848484848483838586868586868685
8686868686858686858686868585858585
8485858585858584848484848383848484
8484848484858483838384848484848484
8484848484858585858585848485848483
8787878787878685848584848383838383
8385848484848484848585858685858584
8787878787868686868585858484858687
8384848283858484848484858786848484
8484848484838485878684848484848484
8484848584848586848485868787868684
8686868686878786878786868484848484
8484848484848485848384858686868785
8383838383858484868686878585858585
8484848383848482838484838485848484
8484848484848584848584848484838383
8484848484848483838384848485848484
8484848484848484848584848484848484
8485848484858585848483838384848685
8585858585848483838484868585858585
8484848484858484848585858585848584
8484848484838485858584858484848484
8080808080808080808080818180818081
8181818181818282818081808181818181
8080808080808080808080818180818181
8282828282818181818081818181818181
8281818181818081818181818182828282
8181818181818281818282828282818182
8282828282818181818282828181828281
8282828282828282818182828181818181
808080808080808080807f818281818182
8484848484828281828181818283828182
8080808080808080808080838484838283
8282828282838282848483828383838383
8082838283858281828382818282828384
8383838383848483828282838484848484
8080808080828382838382838384848484
8181818181808284838484848484848484
8481828281818182828281818282818282
8282828282828181828281828282838282
8483828484818282818182828282828282
8383838383838282828282828282828282
8283848382828282828283828282828183
8282828282828282828282818383828383
8282828282838483828283838283848485
8282828282838384828384848585858585
8181808284838284848484848384838282
8484848484838483838483828283838282
8181818181818082848484848483838383
8282828282828283848383838383838383
8283838383838484828383828284848484
8585858585848484828484848484848484
8282828282838383838383848584848484
8282828282828384858484848484848484
8080808080808080808082838282818080
818181818180807f828281808080808181
8080808080808080808080818180808182
8080808080808181818080818282828282
8081818182818180808080818181828281
8181818181818181818182828182838282
8080808080818181828282808182818382
8181818181818282818281838282828282
808080808080808080807f808081818180
8181818181818182808181818081818181
8181818181818181818180818181818181
8181818181818181818181818181818181
8282818081818182808181818182828282
8383838383838282818282828282828282
8282828282828180818181818383828283
8181818181828282838382828383838383
8282828282828282818283828283848382
8383838383838383828384838281828382
8382838382828282828282828382838382
8383838383838382838283838282828282
8585848282838484828182838283848384
8383838383818282828384838484848484
8585858585858482828385848382828382
8484848484868683838282838282828282
8383828383828383828282838384858485
8383838383838383838485848585858584
8383838383838283838383838383838383
8484848484838282838383838383838383
8384838383838484858585858484828081
8383838383838585848482808181818181
8383838383848383838484848384858483
8383838383838484838485848383838383
8483828385848383838382838383838382
8383838383848484838383838282838485
8484858484838283858484838383828283
8484848484838383838382828383838383
8482838483828383828283848585848487
8484848484838384858584848788888787
8484848484828384838384848484848484
8484848484848484848484848484848484
8484848484848584848384838484848384
8383838383848484848484838484848584
8282828484848484848383848384848484
8484848484848484838484848484848484
8484848484848483848484858483838383
8484848484848485848383838383838383
8484848484848484848484848484848484
8484848484848384848484848484848484
8384848384848587878888878787888a8c
87878787878888888787888a8c8d8e8b8a
8484848483848483848485868787888789
8484848484848486878788878989898989
86868686898b8c8c8c8d8e8b8a8b8c8d8c
898989898989898a8a8b8c8d8c8e8d8b8b
8686868686868686898b8b89898a8b8b8b
8888888888888889898a8b8b8b8b8b8b8b
8585838484848484838484848484848586
8484848484838584848484858688888788
8585858585858384848584848485868c8e
84848484848483858485868c8e8e8e8e8e
959394928e8b898786888887888989898a
8a8a8a8a8a898888888989898a8a8a8a8a
95959595959394928e8d8b898a8a898a8a
8c8c8c8c8c8b8b8a8a8a898a8a8a8a8a8a
8181828282828284848484858484848484
8383838383838385848484848483848484
8383828181818282828081838383838484
8383838383838182838383848484848484
8181838384838384848384848484838485
8484848484848585848483848585848484
8181818181818383848485848484848484
8383838383848585848484848484848484
8484848483838281818182828384848381
8181818181818282838484838181828383
8484848484848484838382818182828283
8282828282828181818282828383838383
8283828283838383818182838383848585
8383838383828282838384858585858585
8282828282838282838382838383838181
8383838383838383838383818181818181
8585858484848585858584848487939995
84848484848484848487939995908e8e8c
81828385858585848484848484858e9895
858585858585858484858e989595959595
949495959594949595908e8e8c89898b8c
92929292928e8c8d8c89898b8c8c8c8c8c
9494949494949595958f8f90928d898b8c
9090909090929595928d898b8c8c8c8c8c
8484838181828385858485848584858d94
84848484848686858584858d9492939590
848484848484838181818384848586868a
8383838383838283848586868a8a8a8a8a
868685878a8d8e9194929395908d8d8989
8f8f8f8f8f909091908d8d898989898989
86868686868685878a91938f8f92908c89
9090909090908e8e8f92908c8989898989
8a8a8a8c8b8b8c8c8c8e8d8b8b8b8c8d8e
8d8d8d8d8d8c8b8b8b8b8c8d8e8f8f8e8d
8a8a8a8a8a8a8a8c8b8b898b8d8c8d8e8f
8d8d8d8d8d8d8d8c8d8c8d8e8f8f8f8f8f
8f8f8f908f8f8f8f8e8f8f8e8d8e8e8e8e
8d8d8d8d8d8e8f8e8d8e8e8e8e8d8d8c8b
8f8f8f8f8f8f8f908f8f8e8d8d8f8f8e90
8e8e8e8e8e8f90908d8f8f8e9090909090
8c8b8b8b8a8a8a8a8a8a8b8c8d8e8f8f8f
8e8e8e8e8e8d8d8d8d8e8f8f8f8f8f8e8e
8c8b8b8b8c8b8b8b8a8b8b8c8e8d8c8d8d
8d8d8d8d8d8e8e8d8e8d8c8d8d8d8d8d8d
908f8e8d8d8e8f8f8f8f8f8e8e8d8b8c8c
8e8e8e8e8e8e8c8d8e8d8b8c8c8c8c8c8c
90909090908f8e8d8d8d8c8d8e8e8e8f8e
909090909090908f8e8e8e8f8e8e8e8e8e
8c8f9090908f8f8e8e8d8d8c8b8b8c8c8d
9090909090908e8c8b8b8c8c8d8d8d8e8f
8e8e8c898c8f9090909090909090908f8d
8c8c8c8c8c8e8f909090908f8d8d8d8d8d
8f8d8f8e8d8c8b8c8d8d8d8e8f8f8f8f90
8d8d8d8d8d8d8e8f8f8f8f8f90908f9091
8f8f8f8f8f8d8f8e8d8c8c8d8d8d8d8e90
8b8b8b8b8b8b8b8c8d8d8d8e9090909090
918f8f908e8e8c898c89898a8c8c8c8f8f
8f8f8f8f8f90908d8c8c8c8f8f8e8e8c8b
91919191918f8f908e8e90908f8e8e8f8f
919191919190908f8f8e8e8f8f8f8f8f8f
9190908f8f8f8d8d8f8e8e8c8b8d909091
939393939392918e8b8d90909191919191
919191919190908f8f8e8f919392909091
9090909090919192939290909191919191
898a8b8c8c8b8b8b8c8c8c8d8d8e8f8f90
8e8e8e8e8e8e8f8e8d8e8f8f9090919090
89898989898a8b8c8c8c8c8d8e908f9091
8f8f8f8f8f90908f8e908f909191919191
909090909190909090909190908f909191
9292929292919191908f90919190909091
9090909090909090919191919293939393
9393939393929393929393939393939393
8f8d8a8989898989898b8c8e8f8f909090
8e8e8e8e8e8e8e8f8f8f90909091919293
8f8f8f8f8f8d8a89898a8b8b8e8d8e8f8f
8c8c8c8c8c8c8d8d8e8d8e8f8f8f8f8f8f
8e8e8e8f8f8f9090909191929393939393
9090909090919293939393939393939393
8e8e8e8e8e8e8e8f8f9091919090919191
8e8e8e8e8e90908f909091919191919191
9393939393929291919090909191919191
9292929292929291919191919191919190
9192929393939393939393929292929393
9292929292929292929292939393939393
9291909193929292919191919091929293
9191919191919191909192929393939393
929292929291909193919091919294989c
9595959595969492919294989c9c9c9c9c
9091919191929293939293939293919192
9292929292929392929391919294949495
9090909090919191919293939291929393
9191919191919192929192939393939393
8f90919293959593929494949597979799
9494949494939394959797979999999999
8f8f8f8f8f909192939494959492929190
8c8c8c8c8c8d8f93949292919090909090
91919090908f8f8f90908f909190908f8f
8f8f8f8f8f8f90909190908f8f8e8d8d8b
9190929291919090909190908f8e8e8d8d
90909090908f8e8f8f8e8e8d8d8d8d8d8d
8c8c8d8d8d8e8e8e8f8e8d8d8b8b8e8e8d
8e8e8e8e8e8f8f8c8b8b8e8e8d8f908f8e
8c8c8c8c8c8c8d8d8d8e8f908e8e8f9090
8a8a8a8a8a8e8f8e8e8e8f909090909090
939291919190929291929292908c8c8c8c
9191919191919190908c8c8c8c8b8b8b8a
9c9996949392919191929391918f8d8d8d
9595959595939292918f8d8d8d8d8d8d8d
8d8e8f8e8d8c8c8c8c8b8b8b8a8888898a
8e8e8e8e8e8f8d8b8a8888898a8a8a8a8a
8d8d8d8d8d8e8f8e8d8c8d8f8e8e8f8e8d
8e8e8e8e8e8d8d8e8e8e8f8e8d8d8d8d8d
8a8d8f8f90908f8e8d8f908f8e8d8d8a89
9191919191908f8e8e8d8d8a898a8a8786
8d8d8c888a8d8f8f90908f909191908e8b
8c8c8c8c8c8e8f909191908e8b8b8b8b8b
8b8b8c8d8b8a8a89898a8a878683838484
8484848484838384868383848483838484
8b8b8b8b8b8b8c8d8b8785838484848383
8585858585848584848484838383838383
8e8d8c8e8d8d8c888a8b8b8a8c90908d8b
89898989898a8d8c8c90908d8b87858585
8e8e8e8e8e8d8c8e8d8d8b8a898b8b8a89
8e8e8e8e8e8d8c8b898b8b8a8989898989
8a8a89898989898a8b8785858584838484
8484848484858484858483848484848484
8a8a8a8a8a8a8989898584858484848483
8484848484858584848484848383838383
999b9c9d9c999694939595969593908d8d
98989898989697979593908d8d8e8f8f8e
90909295999b9c9d9c9c9a98989a9b958f
9a9a9a9a9a9a9a99989a9b958f8f8f8f8f
919292918f8d8d8d8d8e8f8f8e8f8e8e8e
9191919191908f8f8e8f8e8e8e8e8e8d8e
91919191919292918f8d8f91919090908f
9191919191919292919090908f8f8f8f8f
8e8f8f9090909295999a9b9c9a99989591
91919191919295989a99989591908f8f91
8e8e8e8e8e8f8f90908f909191918e8d8f
8e8e8e8e8e8e8f9091918e8d8f8f8f8f8f
8b8b8b8c8f8d8d8f91908f8f9192939291
8f8f8f8f8f8f8f90919293929191919191
8b8b8b8b8b8b8b8c8f9090908f8f8f9193
8c8c8c8c8c8c8e8f8f8f8f919393939393
919191908f908f8f8e8e8e8d8e8d8c8a8a
8e8e8e8e8e8e8e8f8e8d8c8a8a87848384
93939292919191908f90908f8e8d8c8c8b
8f8f8f8f8f8f908f8e8d8c8c8b8b8b8b8b
8b8b8b8b8b8b8b898a8784838485848485
8585858585858482848584848585858585
8b8b8b8b8b8b8b8b8b8885858585838282
8585858585858686858583828282828282
8c8e8f9093939292919090908f8e8d8c8b
8f8f8f8f8f8f90908f8e8d8c8b88868585
8c8c8c8c8c8e8f9093908f908f8e8c8b8a
8e8e8e8e8e8f8f8f8f8e8c8b8a8a8a8a8a
8788898a8a8a8a8a8b8886858585858585
8585858585858684858585858585858585
878787878788898a8a8685868585858586
8585858585858685858585858686868686
8483838483838484848383848483848482
8383838383838383848384848282838282
8383848484838384838483838383848382
8282828282838384838384838282828282
8383848482838383828283828283848282
8383838383838282828384828284848484
8383838383838484828383838383838383
8383838383838584838383838383838383
8584848383838484848383838283848483
8484848484848384828384848384838483
8282848585848483838384848483848483
8484848484838383848384848383838383
8483838483848484838483848383848483
8484848484838483838384848383838383
8484848484838384838383838483838484
8383838383838383848383848484848484
8383838383838382828484848484848485
8383838383838384848484848584848484
8483838383838383838384838383848383
8383838383838483838384838383838383
8383848483848484858484848484838384
8383838383838484848483838483838384
8383838383838484838384838384838483
8484848484838483838483848383838383
8384838484838383838483828383848483
8383838383838383838384848383848484
8383838383848384848383838383838483
8383838383838384838383848383838383
8484848483838383838384848483838384
8484848484848484848383838484848484
8484848484848484838383848484848382
8383838383838383848484838282828282
8585858382828485858483848484848484
8383838383838484848484848484838383
8686878685858583828384848383848584
8383838383838484838384858484848484
8484858584858584848483838383848483
8383838383848483838384848384848383
8484848484848585848583838384848484
8484848484848482838484848484848484
8585868586868786858585858382848484
8686868686868785838284848485848484
8585858585858685868685868686868585
8686868686858585868686858585858585
8687858585848384848584848483838384
8484848484848585848383838484848484
8686868686878585858483848484848484
8686868686858483848484848484848484
8483838384838484838484838383838384
8383838383848284838383838484838283
8485838484838383848384848383838484
8484848484848383838383848484848484
8483838484838383848483828383828585
8383838383828383838382858585858585
8484848484838384848383838382828283
8181818181828383838282828383838383
8383838484858384848484848484838384
8484848484848484848483838483848481
8383838383838384848484848484838384
8585858585848383848483838484848484
8484848484858484848384848182838383
8383838383848382818283838383838383
8484848484848484848484838383838482
8484848484848383838383848282828282
8484838383838383848383838483848384
8484848484848484848384838484848484
8284848484848383838384838484848384
8383838383838383848484838484848484
8283838384838483848484848484858484
8484848484858584848485848484848484
8282828282838383848383848485848485
8484848484838283848584848585858585
8583838382848484848484838383848482
8484848484838283838384848283848484
8383828385838383828384848484848382
8383838383848584848484838282828282
8483838382838383828384848484838383
8383838383838383848483838383838383
8484848484838383828383838383858482
8383838383828383838385848282828282
8383838383838283858383848384848584
8585858585848283838484858484838383
8283838383838383838383848585838384
8383838383828284858583838484848484
8485848384848485848483838383838383
8383838383838483838383838383838383
8484848484858483848483838384838383
8383838383848383838483838383838383
8484848382838383838383838383838384
8383838383848484838383838484848483
8484848484848483828383848384848383
8383838383838484838484838383838383
8282838383838283848484848384848383
8484848484848484838484838383838383
8282828282828383838483838485848483
8383838383838384848584848383838383
8080808080808080808080818180818182
8181818181818181818081818281828281
8181818181818181818180818181818182
8282828282818181818181818282828282
8282838382828282828182828182828383
8181818181828282818282838384838384
8282828282828383828282818181828282
8282828282818282818182828282828282
8080808080808080808080818281818282
8181818181818181828181828282828282
7f7f7f7f7f7f7f7f7f7f7f818181828282
8282828282828181818182828282828282
8281818182828182828282828282828283
8181818181818182828282828383838383
8282828282818181828181818181828283
8282828282828281818182828383838383
8383828282828282838483838484848383
8282828282838484848484838384848483
8381828383838282828382828283848383
8282828282838382828384838383838383
8283828383848383838484848384848384
8484848484848383838484838484848282
8282828282838283838484838484838484
8383838383838384848483848484848484
8283838283818283838282838282838382
8282828282838382828283838283838383
8282828282838382838281818283838383
8383838383828282828383838383838383
8382838383838282828383838384848383
8383838383838483838484838383838383
8383838383828383838283838383828283
8383838383838384838382828383838383
8080808080808080808080808282818182
8181818181818182828281818282828282
8080808080808080808080818182828181
8282828282818282818282818181818181
8181818281818181828282828282828282
8282828282828181828282828283838383
8181818181818182818282818282828281
8181818181828282828282828181818181
8181818181818181818180818281828181
8282828282828282828182818182838381
8080808080808080808080818281828282
8181818181828281828182828282828282
8282838282838282818283838182838383
8383838383828383818283838383838383
8282828282828382828383838383838383
8484848484838382838383838383838383
8384848281838282828383838383838383
8282828282838383838383838383838383
8382838383848482818283848282838283
8282828282838383828283828383838383
8382838383828282838383838384838384
8383838383828283838483838484848484
8383838383828383838383838382828383
8383838383838483838282838383838383
8483848483828383838484838283838383
8383838383838382828383838383838283
8484848484838484838282838383838383
8383838383838484838383838383838383
8284838483838384838383828384838383
8484848484838384838483838383838383
8282828282848384838384838485848383
8383838383848484848584838383838383
8382838384848483848484828282818282
8484848484858482828281828282828383
8384838483828383848383838483828282
8484848484848484848382828282828282
8181818282828281828282838382828384
8181818181818282838282838484848483
8181818181818182828281818181818281
8181818181818180818181828181818181
8483838383848384838383848484838381
8383838383848485848483838181818081
8383838384838383838484848383848383
8484848484838483838384838383838383
8484848483848283818181808182828181
8181818181828281818282818181818181
8484848484848484838383818180808182
8383838383838180818080818282828282
8181828281828283848484848382828586
8484848484858585838282858687898d90
8282828181818282818283838486868788
8585858585858585848686878888888888
88878888888787868687898d909090908f
8c8c8c8c8c8e8f8f909090908f89898a8c
8888888888878888888a8a8b8c8d909190
8989898989888a8c8c8d90919090909090
8181808182828281818283848585868888
8282828282828585858586888888888889
8181818181818081828283838283858586
8181818181828383828385858686868686
8685858786868889888888888989888a89
8888888888888a898989888a8989898989
8686868686858587868687898888898787
8686868686878687888889878787878787
8383838383838383848483838483848484
8383838383838384848384848483838483
8383848383838383838383838383848484
8383838383848484838384848484848484
8484838384848483848383848381808181
8484848484848483838180818181818281
8484848484848383848483838484838280
8484848484848483848483828080808080
8483838483838483838383848384848384
8383838383848484838484838484848384
8484848484838384838384848384848383
8383838383838484838484838383838383
8484848483838383848484838483838484
8383838383838484848383848484848484
8484848484848484838483828384848584
8484848484848384838484858484848484
8483828280818181818181828182848586
8181818181818182818284858686888786
8484848484838282808181818181818181
8282828282818181818181818181818181
8180818181838585868688878687888794
8282828282828586868788879494949494
818181818180818181838381828382889e
8181818181818181828382889e9e9e9e9e
8384848484848484848381818281818081
8181818181818282828181808181818181
8383838383848484848484848180818181
8484848484848382818081818181818181
818181818181818181818181818383869b
8181818181808181818383869b9b9b9b9b
8181818181818181818181818180838386
8181818181818181818083838686868686
898a8b8c909493918f89898a8c8d8d8d8e
8b8b8b8b8b8b8a8b8c8d8d8d8e8e8f8f8e
87878789898a8b8c908c88898b8b8c8c8e
89898989898a8b8b8b8b8c8c8e8e8e8e8e
8d8e8d8d8e8d8e8e8e8e8f8f8e8f909190
8e8e8e8e8e8e8f8f8e8f90919090909091
8d8d8d8d8d8e8d8d8e8f8f8f8e8f8f8e8e
8e8e8e8e8e8e8e8e8e8f8f8e8e8e8e8e8e
94908a8787878789898b8b88898b8a8b8d
898989898989898a898b8a8b8d8d8e8e8e
9e9d9a9794908a8787898c8b898a8b8b8b
8c8c8c8c8c8b8988898a8b8b8b8b8b8b8b
8d8c8b8a8b8b8c8d8d8d8e8e8e8d8c8d8d
8d8d8d8d8d8e8e8f8e8d8c8d8d8d8d8d8d
8d8d8d8d8d8c8b8a8b8a8c8d8d8e8e8e8e
8e8e8e8e8e8e8e8d8d8e8e8e8e8e8e8e8e
8d8d8e8f8e8f8f90909090909191908f8f
8d8d8d8d8d8e8f909191908f8f8e8d8d8c
8e8e8e8f8d8d8e8f8e8e8d8d8d8d8d8d8e
8f8f8f8f8f8f8e8c8d8d8d8d8e8e8e8e8e
8f96938e8e8e8e8e8f8e8d8d8c8c8e8e8e
91919191918e8e8c8c8c8e8e8e8e8e8e8e
8f8f8f8f8f96938e8e9090909191929190
8d8d8d8d8d929493919192919090909090
908f8e8e8e8e8e8f8d8e8f908f8d8d8e8f
8f8f8f8f8f8f91918f8d8d8e8f8e8e8e8d
90909090908f8e8e8e8e8d8e8f9093979a
96969696969291908f9093979a9a9a9a9a
919396999a9896928f8e8e8e8d8d8b8a8b
9c9c9c9c9c9c97918d8d8b8a8b8b8b8b8b
91919191919396999a9a9b9b9c9d9c9b9a
9494949494989a9c9c9d9c9b9a9a9a9a9a
9b9ea0a09e9d9a97949c918c8c8b8b8c8d
92929292928e8d8c8c8b8b8c8d8c8d8e8e
868b90969b9ea0a09ea7a09a928f8e8f8f
aaaaaaaaaaa69d96928f8e8f8f8f8f8f8f
8e8f90908f8d8d8c8d8c8d8e8e8f8f9090
9191919191908f8e8e8f8f909093959596
8e8e8e8e8e8f90908f8f8f90918f909091
9797979797949392918f90909191919191
7f808182868b90969badaba8aaa1928e8e
acacacacaca9a8a8aaa1928e8e90939697
7f7f7f7f7f808182869eadacaca7aab2a3
abababababababadaca7aab2a3a3a3a3a3
a4a1aeb3a3938f8e8e9093969795939291
9292929292969999979593929191919191
a4a4a4a4a4a1aeb3a392919192989d9b98
adadadadada5979292989d9b9898989898
9191929191929291909395959696959391
9898989898989998969695939191909294
98969592919192919195979898999a9997
939393939395979898999a999797979797
9b9c9c9b97959391919190929496969799
92929292928f8e8f949696979999999999
9b9b9b9b9b9c9c9b979492929291908f8f
9b9b9b9b9b9a97939291908f8f8f8f8f8f
979d9f9b9896959291909192939699999b
9090909090909091939699999b9c9c9c9b
97979797979d9f9b989695929090909192
9999999999979592909090919292929292
8e8e8f90929597989b9c9c9c9b9b9c9c9b
99999999999a9b9b9b9b9c9c9b9b9b9b9b
8e8e8e8e8e8e8f9092949698999a9a9a9a
8e8e8e8e8e919598999a9a9a9a9a9a9a9a
8b92959390908f8e8e8e8e8e8e8d8c8a8b
90909090908f8e8d8e8d8c8a8b8b8c8c8c
9a918c8a8b9295939091908f9090908f8f
8d8d8d8d8d9395929090908f8f8f8f8f8f
8d9395938f8d8c8a8b8b8c8c8c8d8d8c8c
8c8c8c8c8c8d8d8c8c8d8d8c8c8d8e8e8e
8d8d8d8d8d9395938f8f8f8d8c8c8d8d8b
9393939393928f8d8c8c8d8d8b8b8b8b8b
999d9e9a9a918c8a8b8d8c8c8d8c8c8c8d
97979797978f8f8d8d8c8c8c8d8c8f9493
8f8f8f92999d9e9a9a9898979797989a9a
99999999999e9c989797989a9a9a9a9a9a
9296989a9a9a978f8d8c8f9493908f8e8e
929292929293949393908f8e8e8e8e8e8e
929292929296989a9a989694928f8e8e8f
90909090908f8f90928f8e8e8f8f8f8f8f
8e8d8c8c8b8c8d8c8c8d8e8e8e8d8c8b87
8a8a8a8a8a8b8b8c8e8d8c8b8786868685
8f8f8e8e8e8d8c8c8b8b8c8b8a8c8c8a85
8c8c8c8c8c8c8c8b8a8c8c8a8585858585
8584858585868787878686868585868685
8686868686868586858586868585858586
8585858585848585858585858685848586
8686868686858585868584858686868686
9493918f8f8f8e8e8e8e8d8d8c8b898685
8c8c8c8c8c8d8d8b8c8b89868586868586
949494949493918f8f8e8e8d8c89878586
8888888888898b8c8c8987858686868686
8585858686868685858686858685858685
8484848484858586868585868585858585
8585858585858586868685858486858586
8585858585868584848685858686868686
9b9792918f8f8f92999a9a9a9998969492
90909090908f8f919998969492908f8e90
9a9b9c9d9b9792918f908f90908f909292
9b9b9b9b9b979391908f90929292929292
9b9b9a96928f8f8f92908f8e9094969594
9797979797959492909496959493928c88
9b9b9b9b9b9b9a96929395969797969593
9696969696979897979796959393939393
919597999a9b9c9d9b9a9a9a9b9d9c9b9b
9a9a9a9a9a999b9c9b9d9c9b9b9a9a9896
91919191919597999a9999999a9a9a9998
90909090909496999a9a9a999898989898
8f919397989a9a9b9b9a9a98969492908e
8f8f8f8f8f929395969492908e8e8e8e8e
8f8f8f8f8f919397989694928f8c8b898a
8a8a8a8a8a8b8c8d8f8c8b898a8a8a8a8a
8e8f9192939495969493928c8887868585
8787878787878889888786858585878685
8a898a8c8e8f919293908c888787868586
8686868686868787878786858686868686
8585858686868685858587868586868686
8585858585868685858686868686868686
8585858585858586868586858586858586
8585858585858686858685858686868686
8b8c8b8a8a898a8c8e8a88878687878685
8787878787878786868787868585878685
8b8b8b8b8b8c8b8a8a8a89878787858485
a7a7a7a7a79e8e87878785848585858585
9188888685868686858587868586868686
8686868686868685858686868686868686
9191919191888886858686868686868887
8787878787868786868686888787878787
8586868586868585858585858687858586
8686868686878786868785858686878686
8686858485868685868585868686868686
8585858585878686868686868686868686
8585858786868585868687868686858483
8686868686868586868685848384848585
8585858585858587868585868686868786
8686868686868686868686878686868686
8686868686868584858586868585868685
8686868686868685858586868586868686
8686868686868686868786868686868686
8686868686868686868686868686868686
8586868486868786858686868686868686
8686868686868586868686868686868686
8585858585868684868685858686858586
8686868686868786868685858686868686
8686868686868584838484858584848484
8585858585848585858484848484858484
8686858586868686868586858584848385
8686868686858686858484838585858585
8685848485858584848485848484848484
8585858585858484848484848483838383
8686868686858484858583848584848483
8484848484848483858484848383838383
8687858586868585868686868686868786
8585858585858685868686878685848384
8686868686878585868686868585858586
8686868686868685858585858686868686
8686858686878787868584838484848485
8686868686868583848484848585858585
8686868686868586868686858686868584
8686868686878685868686858484848484
8686868686868686868787878685878785
8686868686868685868587878585878686
8787868686868686868585858686858686
8686868686878687868685868686868686
8686868686868786858587868686878786
8686868686858687868687878686868586
8686868686868686868787878687868687
8686868686858687868786868787878787
8787868887878686868685868685868686
8686868686858586868586868687868586
8787878787878688878686868686878686
8787878787868586868687868686868686
8786878786858586868786858685868787
8686868686858586868586878787878787
8787878787868787868786868686878786
8787878787878786868687878686868686
8786868787868686868686858687878686
8787878787878586868787868687868686
8687878687868687878887878786878886
8888888888878787878687888686868686
8787888786878686868786868687868787
8787878787878586868786878787878787
8787878787878887868686878786858687
8888888888878787878685868787878787
8786878686878786878686878887878787
8787878787868687888787878787888788
8787878787868786868787878787878787
8888888888868686878787878787878787
8787888787888787878788878888878786
8787878787888888888887878686868686
8787878787878887878787878787878888
8787878787888886878787888888888888
8584848483838485848383838383838382
8383838383848483838383838282838383
8484848485848484838384848384848384
8383838383838383838484838484848484
8484848484838384828283838383838382
8484848484838383838383838282828282
8484848484848484848483848484858483
8484848484848584848485848383838383
8787858584848484858483838384848384
8484848484838484838484838483848484
8785868787878585848384858484848383
8585858585848484848484838383838383
8484848383838383848384848484848383
8585858585848384848484838383838383
8484848484848483838484848585858483
8585858585858484858585848383838383
8686878787858687878686858585848484
8686868686878686858584848484838485
8887878786868787878786868686868785
8686868686868686868686878585858585
8787878785848382848483848585848484
8484848484848383858584848484848484
8787878787878787858584828486858383
8686868686878785848685838383838383
8786878788878787868786868686868687
8585858585858687868686868787868786
8787878787868787888787878586878787
8888888888878687858687878787878787
8888888787878787878786878687888785
8787878787888786868788878585858585
8888888888888887878788878788888787
8888888888878787878888878787878787
8080808080808080808080828181828282
8181818181828181818182828283828384
8080808080808080808080818183848382
8383838383828282818384838282828282
8383828282838282828382838484838384
8484848484838384848483838483838383
8383838383838282828383838483838384
8383838383838484848383838484848484
8080808080808080808080828384848483
8282828282828383838484848383838383
8080808080808080808080828282838383
8383838383838383828283838383838383
8484838383848383838383838383838384
8484848484848483838383838484848484
8484848484848383838383848484838485
8484848484838484848483848585858585
8484838384838384848383838383848382
8383838383838383838384838282828483
8585858484848383848483838383838484
8282828282828383838383848484848484
8484848484848483828282848382848484
8383838383828383838284848483838383
8484848484848484848484838383848484
8484848484838485838384848484848484
8484848485858584848483828283848484
8383838383848483828384848483838484
8484848484848484858484838383838483
8585858585848483838383848383838383
8484848383838383848383848484848484
8383838383848483848484848484848484
8484848484848483838384838384848485
8383838383838483838484848585858585
8484848484838484848383838383848484
8484848484848484838384848484838384
8584848484848484848484838484848485
8383838383848485848484848585858585
8585858585848484848483838483838483
8484848484838484848383848384858484
8585858585858585858484848484848483
8484848484848484848484848383838383
8485848585848484848484848383848485
8484848484848484838384848584848484
8484848484858485858584858484858584
7e7e7e7e7e848584848485858484848484
7d7f838484848585858484848484848484
8484848484858485848484848484848484
7d7d7d7d7d7f8384848483838482818080
7d7d7d7d7d7c7c7f848281808080808080
8484848583838484838485848484828181
8585858585848484848482818181828181
8083848484848485838384848584848383
8585858585858484858484838383838383
848484848382818181818281818180817f
8181818181818080818180817f8190a5ab
848484848484848483818080817f7b7b7b
7b7b7b7b7b7a7c7f817f7b7b7b7b7b7b7b
7c7b7c7d80838484848584848585858584
7c7c7c7c7c8084858585858584827d7c7b
7c7c7c7c7c7b7c7d807e7e7d7c7c7c7c7d
7c7c7c7c7c7c7b7b7c7c7c7c7d7d7d7d7d
7c7b7b7c7d7c808484827d7c7b7b7c7c7b
7b7b7b7b7b7b7a7b7b7b7c7c7b7b7b7b7b
7c7c7c7c7c7b7b7c7d7c7c7b7b7a7a7b7a
7c7c7c7c7c7b7c7c7b7a7a7b7a7a7a7a7a
7b7a7a7b7b7b7b7d7f8190a5abaaaaa9a4
828282828292a2a9abaaaaa9a49fa0a9ad
7a7b7c7b7b7a7a7b7b7b7d7e828e9ea5a7
7b7b7b7b7b7c7c7e828e9ea5a7a7a7a7a7
7e8394a4a7a8a7a5a49fa0a9ad9d909297
a0a0a0a0a09ba0aaad9d9092979da09c99
7e7e7e7e7e8394a4a7a6a2a2a09ba1a598
98989898989ea1a3a09ba1a59898989898
7b7b7a7b7a7b7c7b7b7b7b7c7b7c7c7c7e
7a7a7a7a7a7b7b7a7b7c7c7c7e81889298
7b7b7b7b7b7b7a7b7a7a7a7b7a7a7b7a7a
7f7f7f7f7f7c7b7a7a7a7b7a7a7a7a7a7a
7d7a797a7a7b7b7b7e818892989ea19e9c
7a7a7a7a7a7d828b989ea19e9c9c9c9c9c
7d7d7d7d7d7a797a7a7a7a7a7a7b7e7f82
7d7d7d7d7d7a7a7a7a7b7e7f8282828282
9c9ca2a398929393979da09c999693908e
9292929292959b9b999693908e8e8e8e8e
82929d9e9c9ca2a3989193929294959594
9494949494929192929495959494949494
919393949494918f8e8e8e8e8e8f909091
91919191918f8d8e8e8f90909191929190
91919191919393949494929191908f8e8f
939393939393919191908f8e8f8f8f8f8f
7d7b7a7d82929d9e9c9ea49f9493939291
9e9e9e9e9ea2a39c949393929192939293
7d7d7d7d7d7b7a7d828a93999ea1999292
7e7e7e7e7e7c82919ea199929292929292
7e808b9292919393919293929393929192
9191919191919293939392919292929292
7e7e7e7e7e808b92929192919192929292
83838383838d9092919292929292929292
92918f8f8f8d8d8e91919291909291918f
8e8e8e8e8e8e8e8e909291918f8c8c8b8a
9292939392918f8f8f8f8e8e8e8e8e8f8f
91919191919191908e8e8e8f8f8f8f8f8f
8f8f8f8f8f8e8d8d8f8c8c8b8a8b8b8b8b
8e8e8e8e8e8f8d8b8a8b8b8b8b8b8b9ba7
8f8f8f8f8f8f8f8f8f8e8d8d8e8e8e8c8c
8e8e8e8e8e8e8f8e8e8e8e8c8c8c8c8c8c
899192929292939392929190919190908f
9090909090919090919190908f8f8f8e8e
89898989899192929292919190918f8f8f
888888888890909090918f8f8f8f8f8f8f
878e8e8f8f8e8e8f8f8f8f8e8e8e8c8e8f
8e8e8e8e8e8e8e8e8e8e8c8e8f8f8f8f8f
87878787878e8e8f8f8e8e8e8e8d8e8e8f
87878787878e8d8d8e8d8e8e8f8f8f8f8f
8f8d8e8d8c8c8c8c8b8b8b9ba7a2a19c91
a5a5a5a5a5a5a7a8a7a2a19c9189888787
8f8f908f8f8d8e8d8c8c8d9aa5a6a8a8aa
a2a2a2a2a2a3a4a5a5a6a8a8aaaaaaaaaa
aaa9a6a7aaababa3918988878788878787
a4a4a4a4a4938988878887878788878787
aaaaaaaaaaa9a6a7aaacaeada4958b8887
adadadadadaeafada4958b888787878787
888f8f8f8f8f908f8f8d8d97a2a4a7a9aa
99999999999c9d9fa2a4a7a9aaacafafad
88888888888f8f8f8f8e8e9399a2a5a6aa
8d8d8d8d8d9d9e9b99a2a5a6aaaaaaaaaa
95a9a9aaaaa9a9aaaaacafafadadaeb0a9
aeaeaeaeaeabadadadadaeb0a9a9a9a9a9
9595959595a9a9aaaaacacacaeb9c0bfb5
a1a1a1a1a1c1bfb7aeb9c0bfb5b5b5b5b5
a9958b8887878786878887878786868687
8686868686878786878686868787888787
b5b9b9b5a9958b88878687878685878785
8585858585888987868587878585858585
8686868785868786878788878787878787
8787878787878685878787878787868788
8686868686868687858687878786868787
8787878787868687878686878787878787
8a9ca6aeb5b9b9b5a99082858585868786
8888888888878584858586878686868787
8a8a8a8a8a9ca6aeb5998a898887848484
8383838383878788888784848484848484
8385868584848686868686878787888786
8484848484878687878788878686868686
8383838383858685848182838485868687
8383838383858282848586868787878787
8687878787888788878786878887868687
8787878787878687888786868788888687
8787878786878787878887868788878787
8888888888878687878887878787878787
8988888787868687878888868787878787
8787878787878787878787878787868788
8989898989888887878888878786868687
8888888888888888878686868787878787
7e7b7f8587878787868785868886858889
8888888888888888888685888988898a88
7e7e7e7e7e7b7f85878786868888878889
7e7e7e7e7e7c8387888887888989898989
82828087898987878988898a8887888787
8a8a8a8a8a888989888788878787878787
828282828282808789898a8a8a8a898986
8f8f8f8f8fa0a0978a8a89898686868686
8787878887878687878786878887868788
8787878787878687888786878888878888
8687878887878788878888888787878788
8888888888888888878787878888888888
8888888888888788888887888888878789
8a8a8a8a8a898988888887878989898989
8888888888888888888888888a89888889
88888888888989898a8988888989898989
8e94878586878788878889888889888888
8a8a8a8a8a878988888988888888878788
8e8e8e8e8e948785867d828c8a93a0a19b
9191919191a0a19c8a93a0a19b9b9b9b9b
91a2998f9b968b89888887878888878688
7a7a7a7a7a7b8388888887868888888888
9191919191a2998f9b8e7e797a7b7c7e80
9191919191a29f8b7a7b7c7e8080808080
