4352778249407084623f668675727d81
454f584e33474e514450536071777879
81828181828381818484818075727b81
82828282828283838382828373787a7a
494a5b5f3e354e5d694b4a647e787576
49495c4e383e5436484c564371767876
82838282838382828382828279787a76
83838384838483838384838373787b79
81817f80828180808281808082828080
83828282828282828281828282818282
84858280858280818281808082817f80
85848484858584848584838383828282
85858484848483838283838382828282
86878585868584848383838382838383
86868685868585858685858585858585
85858485868585858584848585858585
4a485a62553244646a4e45657d797676
7744536f7f4e41638263455281757179
82838282838383838282838378797b77
8585848383838283838383838275737a
83838087838381858384818382838283
86858484838382828382838282828282
85868585848586848584838283838283
84858685848586868585858586868584
86868584858585868685858484838382
84868584848585858584848585858585
84848485848484858586858586868585
86848485858485848484858483858585
86868584868685848686858586868585
83838485838383858384848583848585
84858686848686868585868686868686
83828383838283838383838483838384
8381808083817f808383818084858280
84858584848584838385848383848483
85838181858380818483808083828080
83848585838485858485858485868584
84848485848384858585858485858684
84858483848584848485848485848384
84848484838483838484848384848483
84848484848484848485848483858484
8684807f8483807f8482818185838181
84838284848383858382848683838586
86868180868582808585817f8586807f
85858585848586858685848385828283
86858483848383838483838384848484
84848486848685858684848484848484
84858585858585858484858684858586
82828181828283848484858584848585
84858483848584848484848484848485
85858584858584848585848486858484
85848584848383838484848484848483
84858687868786858786858585858584
85858384848383848384858584848586
84868685858584838484838384838384
85858585858585858586868686868584
82838485848586858485858484858586
84858685848484848484858685868785
82828384838484858585858485858586
83838282838282828382828382828485
83828283838283848283828382838281
82828383828382828282838483858585
82828182828283838383838284848282
83838383838283838283838282828282
82828282828283838282828382828283
85858587868585848685838284828282
85848585858586868586868686868685
83838383848383848484848585848586
84848483848383858484858584848585
84848586858584858585858585848587
86848383858484858484858684858586
83848484848485848484858483848484
84848583838484838484858484848484
84838383848483838383838383838383
84858685848585858384858485848484
85848484848483838484848383848482
86868686868585848685858484848484
85848585858484848484848484838485
86868485858484858484848483848484
85858586858686868786858586848585
84858585858585848585858586858586
84848485858484858584848585848485
84848484848485848485848484858484
85848484848483848484838384848483
86858585848484858384848483848484
84848484838383848383848483838384
85848483848483848484838383848484
85848585868686858585858484848483
85858585858584848585868586868584
85858686858587878585858485848484
84858585858585858485858586868686
84848484838384848485858585858585
84838384838485848484858484848585
84848383848585858585858585858584
84848484848485848484858583858585
84838384848383848483838483848384
83838484848484838483848483838484
85858384858584858685858586858484
82838485848585858585858585848587
83838483838483838283848584858585
84848383848383838383828283828383
83848483838282838384848585858585
83828384838383838483828284848384
84838384838384848383838384848484
84848383848383848383838383838383
82828282828282838283828282848383
83838383828383828282828283838382
84838483838484838383828283828281
82848383828483838383838283838382
82828383838383838383838383838383
83838383838282838483838384838383
83838383838383838383838383838383
83838383828283838383838383838282
83828383838382828583838383848384
82848383838383848484838483838484
83838384848384848382838383828283
81838383838283848383838483838383
83848383838383838383838384848584
80828382818383838282828383838384
81838382828383838382838383838383
81808080818080818080808280808183
83838383838383838383838383838383
83828383828383828283838282828383
84838383838282828282828282828382
81838584828483838383828283828383
807f8182808081828081828181828382
80807f80808080808080818080808180
807f80808080808080808081807f8182
81818180808080808080808081808080
85858686858585848484858485858584
85858585858686868687878687868485
84848485858585858685858585848586
83848483848483848484848585858585
84858485858585858585858584868686
83838484838484848485848584848384
83838383838384848384848484848484
81828282828383838383828283828284
83838384838484848484848584848484
82828484838383838384838383848383
81828282828383838383838383828384
80808181808180818181818381828384
80818181808182828182838282838383
80808181808181808080818080808081
81808080818081808081818180818181
81808080818180808181808180808080
83828282838282828383848483848584
82838383838283838483838383838383
81808181808181828182838383838382
81818081818180808181818181818282
83838382838383838483838484838383
83838383838384848485838485848384
81808081818080818181808181828281
80808181808080808080818082828281
80808081808081808080808080808180
81818080808080808080808081808080
80808080808181818081818080808181
81818081818181818180808180818180
81808180818081818080818180808081
81808081818080818180808081808181
81808181818181818080818181808180
81808081808081818081818081808181
80808081818180808181808281818182
81818080818080818081808180818081
81818081818180818081818180818181
81818181818181818181808181818081
81818180818080808180818081808081
81818080808080818081808181818181
80818181818181818081818180818181
81818181818180818180818181818080
80808080808080818080818181818181
80808181808080808080808081808081
81808181818081818180818181808181
81808182808181818181818180818181
81808181818080818181818181818181
80808180818181808081808081818180
80818181818081818180808081818081
81808081818080818181808080808080
81808080818080808180808080808180
81818080818080818180808181808181
81808081808181818080818181808181
81818180818080818180808181818080
80808181808080808080808080808081
80808081808080808180808181808080
81808081818080818080808180808181
81818181818081808080818080808181
80808081808080808080818081808181
80808080818180808180808081818180
81818180818081808081818181818080
81818081818180818180808080808080
80818080808080808080808080818081
80818080808080818080808080818181
81808080818081818180818180808081
81818081818180808180808080808080
83838383848382838483838485848384
85848383848483848484848485848484
80818181818081818282818083838382
83828180838382818483838385848383
84848384848584848484838485838484
85848484858485858584858585858586
84838384848483848384848484838484
83838383838484838384848284848484
81818180818180818181808180818080
81818080808181808080818181808181
81818180818181808080818181818181
81818081818180818180808080808080
84818080848281808483838184838383
84838384848384848483838584838384
80818081808080818080808182808080
84828080848381808484828184858483
84848585848484858384848483848484
84838484848484848484858485848483
84838383848384838484858483848585
83838485838282848383838483838384
85858484858584848585848485848384
85848685858486858584858585848585
85848383848484838484838384848483
84858584848484848584848485848484
84838384838484848383848484848383
84848483858484838584848484848584
84848484848484848484858484838484
84848484838484848384858484848484
84848485848584858486848385858483
85848484848484838584838385858384
85848484858583838585848484848485
84838485838383848383838384838383
81808081808180808081808081818181
80808080808080808080818181818180
81808081818080808080818181808180
81818080818081818081818180818081
80808180808080808181808080818181
8080808080808080807f808082808080
81818081808081818080818080808180
8080808080808080807f808080808080
80818080808180808080808081808181
80818080808081808080808081818181
80818181808181818180818180808080
81818080808181808081808080818080
80808180808181818081808081818080
807f8080808080808080807f80808080
80808081808080818080808080808080
8080808080808080808080807f808080
83828080848483808484848284848484
84848484848484848484848484838485
808080808180807f82807f7f83818080
84848482848484838384838384848484
84848485848483848384858484848584
84848383848484838484848484848585
84848484848484848383848483838584
84848484848484848484848385848484
7f7f7f8080807f80807f7f807f808080
82817f7f8382807f8484807f84858280
80808081808080808080808080808080
7f8080807f7f8080807f808081807f80
83848483848484838484848385848483
84848484848484848483848484848484
84848482848484838485838384848382
85848484858484848584848484848484
84858686848486868485858584848485
85858484848584838484848484858484
86858685868585858685858685858686
84858686848485868584838585848485
84838384848384838484838385848384
84848485858485868685868686858585
84848484848484848484848484848384
84848484848484848584848485848484
85848585858585858484848585858585
87868686878686858685868585868685
85848484858484838484848385848484
86858485868685858685858685868686
85858687858485878484858483838484
84838485848384858484848584848484
87878686878686878787878785868786
84858686848585868485848584848485
86858585878685858485868684848584
86868586868685858685878586858685
84848585858486848584858586858585
86868585858686858585878786858686
87868585868685868686868686878586
86858586878685868886858684878685
86848485858485858685858685858586
87868586868685868686858685868686
86848484868483848684838486858585
85858585858585868586868585868585
86858584848485848584848585858484
85848486858484858584858584858585
86868585848687858584868686848486
87868585878686868686868787868586
86858585868685858686868687868686
86868686858586868685858687868586
85848584848485858483848684838484
85848484858484848584858586868685
84838484858483838484848484848585
85848485848484858484848584848584
86868685868686868685868686868686
87868686868686858686878685868786
86858585868686858687878686868685
86858686868586868685868687868586
83838383838483848484848484838484
84848483858483838585848485848485
85848485838484858484848483838384
84848484858484838485858384848584
85858585858485858584858585858584
85848484858584858685848487868585
85848485868484848585848585868584
84848686848384868483848585848484
85858687858585868484848586848484
84848485848484858584848584848485
86848486878584878686868686868687
84858686848585878584858584858485
84848484858484848585848486858485
85858585858585858586868587868586
84848584838485838484848484838483
84838485858484858585858585858585
85848485868484868685858686858586
85868686878686868686868785868787
85848484858484858584838585848384
87878686878786868787868687878685
85858686858485868484848585848485
84848484838483848384848484838484
88888787888787878787878885868787
84858788858586878484858683848484
83838687848384878584838485858483
85868586868786868687878685868787
86858586888785858687858583868685
84838587858584858586858385858584
8a8887858a8988868588888682878a88
85828389858582848485848385858685
87878685878786848787868587878685
89898787878a898883888a8882838889
85858586848686868486868584858486
88868484868885838286878482838786
86868585868685858585868685858587
85848485848484858384858686858485
85848385858684828685858386868584
87878686868787878687888787878787
88878484848886838285898684838688
85878585858787848587878585868686
84858685858486868785858686868586
85868685858586868585858685858486
86858586858685858685868585868585
84858685858486868686858585858585
84848585848485858584848588848385
87888685838789868485878886858487
85858686858585868585858584858685
84868686848686858586868587878685
83838383838383838483848285848585
85848384858584848685858585868585
83838484838384858383838482838383
84848282838482828384828284848383
85858685858585868686848586858585
84868686848686858385868484858686
85858584878686848786868585878685
85858787858585878485858584868685
82848381858683818486818085868280
83828282828282828283848485858584
82817f8082817f7f8281808082828080
82828282818282828282828282828282
82838383838283848282828382828284
83828282828283838383838283828282
82818282828282828282828282838382
82828282828282828382828283828282
82818081828280818281808181817f80
81818282828282828281828282818282
83818081828280818282808182828081
83828282828382828282818281818282
82828282828282828282828282818282
82828383828382828283828282828282
86858484848383838382838282828282
84848485848585858483848482828383
82838383838382838283838382838383
83838382838381828383828283838282
83828282828182838282828282828383
82828383828282828282838382838383
82828282828383838283848383838383
82848382828383838283828282828282
82838282838383828383838282828282
85858382838283838383828382838282
84848382838382828382828383838283
85858585848483838283828382838282
84858585858585848485868585868584
84848484848485858485858584858585
85858585858586858586848383838382
84848584848584858484848585858585
82828384848584858586848485858584
83828181848382838384858484848484
82848280848481808483818083817f81
84848483838384838484858385838383
82828281848482808485828084848280
82818180818283838484848484848484
84848484848585848585848485858586
82838484848484858484848584858484
82828282838181828281818482838383
82818181828181838282828282828281
82818081838280818281808080808080
81818181818181828282818182828180
81818080818180808281808081818080
81808180818081818281818181828181
82818282828181828281818281818282
83828181828281828282828282828181
81818181828182818282828281818181
82828282828282828282828282838281
81818282818283838383848584848585
82828282818282818282818183838384
82828282828282828183838282828282
81828281818282828181828282828283
83838282828282818281828282828282
82828282828282838283828282828281
81828282828182838281828381828282
81828382828283828281818281828282
82828282818282828182828281828181
82828282828282828282828182828281
82818182828281828282828282828283
82828182828282828382828283828281
83828282828282838383828282828281
83828283828283838281828282828282
82828382828282828383828383838282
83818282828282828282828282828283
83838383838384838283838283838383
84848383838384838383848383838382
85848484858584838584828283838382
84838485858483848585858585858483
85858483858483838383848383838383
85848484848485858585848384848382
84848484838585848585858584848585
81838483848483838584848485848485
84848585848484848484848484858483
81828283838284848584848484838484
83828282828282838282828282848484
82828282828282838281828382828282
82838282828282828182838483858484
83828382838282838281828381818282
81828382828283828283828182828182
84838182838282828382828282828382
84848484858484858485848584858585
80808183808183848082848581838484
81828281818284848484848585838384
7e7f81827f7f82828080828380818082
808180808080808080808080807f7f80
81808080818181808181808081808180
807f807f808080808081808080818080
80808080808080808180808181808080
82828282818281828281818282818282
807f8081807f81827f80818280808182
82838283828382838282828382828282
807f8080807f808180807f8180808080
81808081818080808080808080808080
81818180818180808180808080808080
81808080818180808080818080808080
87868481848381808181818180818180
82838382828282828182828283828283
83828282828381818182828282828282
82818281828282828283828282838282
82828182828282828283828282818282
82828283828182828282828281828282
82828282818282828282828382828282
82828282838282828282828282828282
83838282828382828282828282828282
82838383838383838282828383838283
83838283838383838283828282828282
83838283838282838382828283838282
82838383838382828382828483828384
83838383828283828382828183818182
84848483838383828383838283838282
85848382848382838382828282828282
87848485868585848685848385848483
81818282818282818182828282828282
8583818081807f7f7f7f7f8080808080
86848483858484828484838281828282
8f8d8b898e8c89868b89878588868483
8c898888888787848784828183818080
9393918f918f8c8a8b8a898988888786
8c8e90908d8e8f908c8d8f8e8d8c8b8a
9091908e9192928f9292929093939291
86888987898987848987858488858484
8f8d8a88908e8b888f8d8b898f8c8a8b
87878888878789898788898987888988
8c8a88878e8c87878e8d89878e8d8988
8d9090908c8f90908c8f91918c8e9190
8d8c89898c8c8a8a8c8f8e8b8f908f8c
8a8b8e8d898d8f8e8c8f908e8d8f8f8f
8c8d8c8b8d8d8c8b8d8c8b8a8d8d8a89
81808181808081808181818181818181
80818181818081818181808181808181
80808080808181818180818181818081
80808180808081808181818181818181
80818181808080808080818080808181
81818180808181808081818081808081
80808080818080808181808181818181
80818081818180818181818181818180
81818181818181818181818080808181
81808181818181818181818180808181
8b898a898b8987858684838181818181
8d8c8b8b8b8a898b8a89888784848381
83828282808081818080808180808180
84848483818181818180808180818080
9191908e8d8c8c8b8b8a8b8b88888786
91919292919091908d8b8b8b89898988
81818181818080808081818080818081
81818181808181818080818081818081
80808081808081818181818080818181
80808081808080808180808181808081
81818181808181818080818081808080
81808181818080808080808080818180
80808181818181818181818081818181
80808080818180818181808181808181
85858584828281818181818081808181
86868685828181818181818081808181
8d8e8f90909091918f8f8f8e8a8a8989
8b8b8a8c8d8d8e8f8f8f8f8f8c8b8b8b
86868686818182828181818181818081
86878687818181828180818181818180
8a8a8a8a8b8b8c8c8e8f908f8d8d8c8c
8989898a89898a8b8c8d8d8e8c8d8d8d
9192929290908f8f8e8d8c8c8c8a8a89
909192919091919190908f8f8f8e8d8c
8d8c8e908e8f91919090909290909192
8f8f8f8e908f8d8c8f8d8d8e8d8f9090
908e8d8f8e8e90919090919191919191
919090908e8e8e8e8d8f8f908f919191
8f8e8f8f908f8f909091909091908e8e
8e8d8d8e908f8f8f9090909091909091
8d8d8d8d8e8e8c8c8e8e8c8b8d8c8b8e
8b8b8c8d8c8c8c8c8c8d8f8e8e8e8f8f
8b8b8c8e8b8b8c8d8b8c8d8d8d8d8d8d
8e8d8c8b8e8d8d8c8c8c8c8c8b8c8b8c
8b8a8b8c8b8b8b8c8b8c8c8d8d8d8d8e
8b8a8a8c8b8b8a8a8a8a8b8b8c8b8c8c
8d8e8f8f8e8d8e8f8d8d8d8d8c8b8c8b
8e8e8e8e8e8e8d8e8c8d8d8d8b8b8b8d
9292919092929190908e8d8c8c8c8c8d
92929393929392928f9090908d8c8a8b
8f8f8e8e90908f909191919192929191
9191908f929291909292919092929292
94949393939393929292928f8f8f8d8c
9595949495949394939291928f8e8e8e
93929292939293939292929292939293
93939392939393939393939394949493
8c8c8b8b8c8d8c8b8d8c8c8b8d8e8d8c
8e8d8c8c8f8e8c8d8e8e8e8d90908f8e
8b8c8d8d8b8c8c8d8c8c8b8b8b8c8b8b
8d8c8c8b8e8d8c8b8d8c8b8c8d8c8b8c
8f8f8f8e9090908f9191919092919091
92929190929192919291929292929392
8f8e8d8d8f8e8d8d8e8f8d8c8f8f8d8d
908f8f8f9190908f9191908f9191908f
81818080818180808081808080818180
81818081818081818180818080808180
80808181808080818180818181808181
80818180808180808181808181818081
81808081818080808080808180808181
80808080808080808080808080808080
80818081808081808181818181818081
81808180818181808081818080818081
86868787818181818180808081808081
87868686818181818081818180818281
8a898a89888888888b8a8a8a8b8a8b8b
8889888a8b898a8a8e8c8d8d8c8b8b8b
87888787828282828180818180808080
87878887818282828080808180808180
8c8b8a888f8f8e8d90908f8f8c8d8c8c
918f8f8e92929291919191918c8c8b8b
81808180808080818080808180808081
8080808080808080807f80807f7f8080
80808081808080818080808080818180
7f808080808080808080808080808081
83838080838281808483828083848280
84848484848484848484848484848484
827f808083807f808481808084817f80
84848483858484848585838485848384
88888888828282828180808081808080
86868788818182828080808080807f80
92929192919191928e8e8f8f8b8c8c8c
8b8e91918b8c8e908b8b8d8d8a8a8c8c
8485858680808182807e8080817f8080
83838484838483818484848384838483
8a8b8c8c8a8a8b8c898a8b8a898a8a8a
89898a89898a89888889898888878888
9493939494949494929393928f8e9090
92939494929393938e8f9192898a8c8d
92929293929393939293959494949494
92919191929292929293939292939393
94949392949493929292918f8c8c8b8a
919392938f9192948f8e8e91908e8c8c
92919192929192929292929292939292
908f9091909191929191919291929292
91919191919191919292929293929293
90909190919191919191919291919192
91908f90919090909190909191929191
8f8f909091908f909090909090909090
8e8f8e8f8e908f908f908f9090909091
8c8c8e8e8c8b8d8e8b8d8e8e8f8e8f8f
8b8c8d8e8b8d8e8f8d8d8d8f8d8e8c8e
8d8e8e8b8d8d8c8b8c8c8c8c8b8b8d8d
909090909292908f9191919091929191
909091918e8f90918b8d90918b8e9292
8f8f90908f8f90908e9090918e8f9192
908e8d8f91908e8e9090908e9090918f
878a8e90888a8c8d89898b8b8a8b8c8b
898a8a8989898a8989898a8a88898a8a
888c9090888c9090878c8f90868a8f90
8a8a89898a8b8a888a8b8a87898a8a88
8b8a8b8c8c8b8c8d8d8d8e8c8e8f8f8e
8b8a8b8b8d8a8c8d8e8b8c8d8f8d8d8e
8e8f908f8c8d8f8e8c8c8d8d8c8c8c8c
898a8d8d8a8a8b8c8c8a8b8c8b898b8c
8a8d8b8a8a8c8b8d888b8e91888b8f91
898a8a898a8a8a8a8a8a8b8a898a8a89
86878a8a88898c8c898b8e8e8a8c8d8d
84848383848384868384878885888989
84848585848484848484848485848585
83848585838484848485848584848485
83848483848484848485848485848485
83838483838484848585848485858585
84838484858483838385848384848583
84848485858483838484838285848484
83848584838484858384858483848484
84838484858484838586848484848584
83838283848483838485848484848484
84848484848484848483858484848483
89898989898989888888898985858688
84868889848588898584858785848484
85858584848585848385858483848484
83848384838383848283838483838384
85848484858584848585848485848484
84848485848485858484858584848484
84858585848484858483848585848384
85858584868685838686858587868685
84838384858484848585848485858584
84858484848686858386878584858584
87868786878686868686868588878686
87858587878585888685868885858687
85858583848686848586868486878785
84838485858484848584848586848586
84838383848383838483848483848483
84838484848484848585848385858484
83848483848484838484838383838384
83828485848384858484848483848484
84858584858686848586868585858485
83838484848485848484848584838385
84838585848484848484848484848484
84848384848484838483848483838484
88888989888889898888888988898989
84848589848487898485888884858889
85898a8a878a8a898889898a88888989
84838484838383838484838585848386
83838485848384858384848584848485
84848484848384848483848484848485
84848484848483848484848483848584
84858584848585838484848383848483
83838587848486898384888a8386898a
84838383858483848383838483838483
84848383848483848384838483838483
82848483838484848383848383838383
84848384848383848484848484858483
84838385858483838584848384848584
82828382838382828484848383848483
82828483838383838384838384838384
84848484848483848484848384848483
84838284848383848383838483838484
83848484838484848484848585838385
83838383828383848282838483838284
84848384868382838583828384848484
84838485848484858484838384848484
84848483848484838483838384838383
83838384858383848483848484848484
84848484858584848483838484848384
83848484838484848383848483838483
84848484848483838484848384848484
85848484848485858384858483848484
84848584848485848384848384838483
83848383848382838483848482838484
84848484858484848485848483848484
84838384848483838484848483838484
85848586848485878484848584838384
84848484838383848383838483838283
86868686868686868787868785868686
84858586848485868484848684848484
85848383858484848585848485858483
84868685858686868686858584868786
83848484838484848484848484848484
84848483848485838585858484858585
85868685868686858785858586858686
85868686858687878586868684868686
86858585858586858686858586868685
85858585858686868586868685868686
84848585858484858484858483848583
83848485828383848383838483848483
87868584878686858686868585868785
84868687848585868485858584858484
87858484868685848685858486858584
84848486848385868584858686858585
84838484838383848484848585848484
84848585848585858485858585858586
86858483878584848786848586858485
85878686858786878586858785868686
83838383858484848484848384848483
85868484868784858585858585868686
84848483848482828585838384838483
84848485858584858584848485848484
84838383848383848484838484848484
84838483858484838485848484848484
85858585848484848484848583838384
84858485848485858484858583848584
84848484838485858485848485858584
84848584848585848484858484848485
8181808081817f7f82807f8082818081
81818180818181818081818181818182
82817f8081817f808181808181818081
82818181818181828181818181818180
81828282818382818282828181818281
81828281818383818182828282828282
82818283828182828281818282828282
84838282818181828282828182828282
84838080828180808281808081818080
83828384858484838282828281818182
82838280838381808282808082828281
80808182828283838383838382828283
83838283848483848484848483828383
84848484838383838283848484848484
81818080808181828283848484848483
81828281818181818081818282838485
82828281828282818182828281818282
82838282828282828282828282828282
83848484838382838282828382828282
82828384838485848484848383828382
82838382828383818282828282828282
85848483848383828383838283828383
82828383838282838383848484848383
84848484838282848283838483848585
84848484838584838483828283838384
83838383838383838484838384838383
82828382828183828282828283828182
82838483838383828384858383848484
85848383848383848484848584848484
84848484848383848583848584848483
82838281828283828384848384848483
84838483848384838484848384848484
8181808080808080807f7f807f808081
82818080818181808180808080807f80
80807f8080817f7f81807f8081818080
80818181818182808181828181818180
81808282818081818181818181818180
82838182828281828280818182818281
81818181818181808282828182818182
82828282828382818282828282828282
81818081818180818181808082817f80
81818181818181808181818182818081
818180808181808081817f8081807f80
82818180828181808181818180808181
83818181838181818381818282818182
83828283828182848381848683828484
81828281828282828282818182828181
83838282838282828282828183838382
83828282838282828383828283838382
82838382838383828484838384858484
83838282838382818383828282838182
85848584858485848484848382838483
83848583818284838282828482838382
82838282828282828282828284848382
84858585868484858685838483848484
81808284818181848281808382838281
83838383838383848383838383838383
83838383838383838484848384848483
84838384838283838282828382828383
83838484848483838383838383838283
83848484838385858584848485858584
83848584838484838284848481828484
83848484838484838484848384848383
84838484848484848485848384848483
83838484848585838483838384838282
83828283828383838384848483838383
84838483838384848383838383828383
84838484828284848383848384838384
84848483838383838383848484848584
84848484848484838583838287848384
84858484848484838483848484848584
83838383848483838485858583848585
83848383848484848484848584848484
84848484848484848484838483848485
84858484848483848484848484848484
84848484848383858484848484848483
84848384848383848484848485858483
85848484848485858484858584848484
84848483848483848384848484858484
85848384858583838384848384848583
87868584888888868888888888888788
898788878b8988888c8a87888c8a8888
84848484848484848484848486858484
86858484868585848686868586878787
89898b8b89898b8c89898b8c8a898c8d
8b8b8b8a8b8b8b8a8c8b8b8b8c8c8a8a
88878888888786878888878789898988
8a8989898a89898a8a8a8a8a8c8b8b8a
84848485838384858584838484858485
8e8c86858b8885858988858587868484
84848485848483848384848484838485
95999387939993869499908492948c84
8a898b8d8987878a8888878888878887
8a8a898a8a8a89888a8a89898a8a8989
8c8e8e908b8d8f918b8d8f918a8c908f
8c8b89898b8a88898b8a88898b89898a
83838180838382828383848385848484
84848383838584838385848484838585
83828281838383818182828182818281
81838484818182828382818183828181
84848584848584838585858485858485
84848484848484838585838485848484
83838281848482818585848485848484
85858483858585838584858484848484
81818283818181838282828282828281
83828282838383828382848383848482
82828484828283848181828481808183
82828182838282828281828282818282
83838283828485848281838482828182
81818383828081828382818285848282
83838282838483838383838383828383
84838282848383828384848381838383
84848484848484848484848484848485
95998e85949a9185949a948695999386
85848584858484858584848484858484
948d8584949187849595898495988b84
92908f8f8e8e8d8f8c8d8d8e8d8e8e8f
8c8b898d8b8c8a8c8b8c8a8a8b8c8989
9095939292959391959491909593908f
89898d8d8a898b8d8b8b898e8c8c898e
84848381868584848685848585848585
8a8686858d8886868e888686918a8586
83848484838383858281828483828281
86858282868582818585848287868583
8f8f9391909094939093949391959392
898c9092898a8f92898a8f8f89898d8e
908d898790908b878e908f898e8f928d
8f9190908d9192918a909291898e9090
8d8b898b8c8b8a8b8b8a8a8b8b8a8b8d
8f8e8d8c8f8e8d8c8f8d8c8b8f8d8c8b
8d8c8b8a8d8c8a898d8c8a898c8b898b
8f8f8f8e8f908f8d8f918f8c90908e8c
8d8d8e8f8e8e8f908f8f8f8f8e8f8f90
908e8f8f8f8e8d8e8f8e8f908e8f8e8e
8e8e8f8f8f908e8e90908e8e908f8d8e
8c8c8b8d8f8e8f90909192919090908f
8e8c8b8b8d8c8a898d8c8b8a8d8c8b8a
8d8d8c8d8e8e8d8d8f908e8e8f8e8e8e
8d8d8c8c8e8c8c8c8e8c8b8c8d8c8b8b
90908f8e8f8f8e8e8e8e8d8e8d8d8c8d
8e8d8c8d8e8d8c8c8c8e8e8f8d8e8f90
8e8f8e8e8e8e8d8d8c8d8d8c898a8a8c
909191909090908f908f8e8d8f8e8c8c
9191908f8f8e8f8f8f8f908f90908e8f
90909090908f90908e8f908f8c8d8e8e
8d8f90908c8e8e8f8b8b8c8d8c8b8c8d
8c8a89898e8f8d8e8f91918f90909191
8f8f8c8c8d8d8e8f8f8e8d8f8e8f8f8f
8d8d8c8c8d8d8d8c8e8d8d8c8f8e8e8d
908e8d8d8f8f8d8d8f8f8f8f8f8f8f8f
8b8c8e8e8b8c8e8f8b8a8d8e8c8b8b8d
9190908d918f8f8d908f8e8d908e8d8d
8f90908e9090908e908f8d8d8d8a8989
8f8f8e8e8f8f8e8f8d8e8f908d8f8d8d
9190909090909090908f8f908f8f9090
9191919190909090909090908f8f8f8f
93918f8e92908e8d918e8d8d8e8d8e8c
9190909290909191929190919291908f
90919191919191909192918f9291908f
93929291929190919191919191919191
8e8d8c8c8e8d8c8b8f8d8c8c8e8c8c8b
91908f9090908f8f9090908f90908f8f
8f8e8c8b908e8c8a908e8b8b8f8d8c8c
9090908f919090909090909090909091
92919191919292919191919091919190
93939393929291929292919191929190
93929191929292919392939193929190
93939393939394949394939393949393
8e8b8b8a8e8c8b8b8e8d8b8b8f8d8c8b
8f8f8e8d8f8f8e8f908f8f8f908f8f8f
8c8a89898c8b89898d8c89888d8b8a89
8e8d8d8d8e8d8c8c8e8e8e8d8f8e8e8d
90919190919192909293929093939291
91919190929192929292939293939393
8e8f8f8e908f8f8f908f8f8f8f90908f
9091908f919190909190909091909090
92929393929292929293929191919191
93939292929291929292929292929191
92939392929394949293939392939391
92919193919092939091929391929293
91919091919191919191929191919292
9c989492999593929693939295939291
95949494969594939495939192929190
999797979b9999979c9b99949d9b9793
92939392929393939392929392929392
93939291959492919593929393929293
91909090919191909191929192939392
8f8f90918f9091919190909192919191
94959494939494959394959694949496
90919292909091929292919295959595
8c8d8d8e8d8d8e8f8f90909093939393
8e8e8e8c8f8e8f8d8f8f8f8f90919191
8f9090918f909090908f908f90909090
8d8d8e8e8e908f8e8e8e8d8f8e8f8f8f
909292928f9192928e9192918f909191
8c8c8c8c8c8c8b8b8e8b8b8c8d8c8d8d
8e908f8e8f8f8d8c8f8d8d8d8c8b8d8e
90908f8e9090908f8f9090908e908f8d
8a8b8b8b8e8d8c8b8f8e8c8e8e8f8e8e
8a8988888d8d8c8d8f8f8f8f8f90908f
91919392919293929192939290939291
8d8d8d8f8c8c8d8f8c8c8d8e8c8c8c8c
95969595939394939293939292929393
8d8d90938e8d8e928f8d8f918e8d8d90
8e8f8d8c8f8e8d8d8d8e8e8e8a8c8c8c
8d8e8f8e8d8d8d8e8c8b8c8d8887898a
8e8f8f8e8d8d8e8e8d8d8c8e8e8e8c8d
8e8e8e8f8d8d8d8e8c8c8c8d8e8f8e8c
91908f909090908f8f9090908e8e9090
8b8e90918a8d8f908a8b8d8f898b8d8e
8c8a8b8b8e8b8b8c8f8f8d8d90908e8f
8b8d90908b8d91918c8f91908d8f9091
84838587838385888383858884848789
83838484838484838484848384848383
85858587848584878585858884848588
84848384838483838383838384838384
898a8b8d8a898c8d8d8b8d8d8c8b8b8a
898a8b8b898b8c8d898c8d8e8a8d8e8f
8e8d8e8e8d8d8e8c8c8d8e8d8b8c8d8e
8a8a8c8d8a8a8b8c898a8b8b898a8b8b
84858485858485868484848684858486
83848484838484848484848484858484
84838487858485878584868884848587
85848485848485858484848583838484
98989a9c96969a9c97989a9997989896
8f959b9a8d949a9a8d9097998d8e9297
9a9c9b9a9a9b9c9c9a9b9d9e999a9c9d
919598999296999a92979a9a91969b9a
91918f8d90908f8d8f908f8e8f8f8f8e
8f909090908f8f908f8e8f908f8f8e8f
918f8f90919090909290909092918f8e
91929392919293939191919290908f91
9191908f929292929596969498999998
8f8d8e918d8e92938d9094958f939798
8e8e8e8e8e90908f8f91908f9091908f
8b8a8c8d8b8b8d8d8b8d8e8e8c8d8d8f
8f9090908f9092928f90928f908f8f8f
93918f8f939291909292919192929292
8c8c8c8b8c8c8c8c8e8e8c8b8f908e8c
8c8c8d8d8e8d8d8e8f8e8e8e908e8e8f
8e8f90908e8f8f908e8f8f8f8f8f8e8e
8b8c8c8d8b8c8c8d8b8b8c8d898a8c8d
8f9090908f919190909090908f90908f
8b8c8d8e8b8c8d8e8b8b8c8e8b8c8d8e
85858588858484878484848782838486
82828385828382848483828285838383
85858688858585898686858886868588
85858585858584858586858583848585
8f908f908f9090919090919190909191
8a8b8c8e8a8c8d8e8a8b8d8e8a8c8d8f
8e8e8e8d8f8f8f908f9090908f8f9090
878b8c8d888b8c8e898b8c8e8a8c8c8e
85868586858585878685858784858587
86858585868585868786858586858584
85868686858786868685858585858586
85868685858585858686858685868485
83838384838383838382828383838283
82838483838485838384848483838483
82838383838283848383838484838384
83848483838384838483838384848384
83838383838383838282838383828383
83838383838282838383828382838383
83848384838483838584848384838384
83848483838483848383828483838383
84848483848484838384858384848483
83848483848383838483838484848384
84848384838383838384838483848483
84848484838484848385848384848483
84838383838383848484848483848484
84848383838384848383828483838383
83838484838283848383838383848483
83848483838384838384838384848384
83838483838384848383838384848383
83838483848483848484848384848483
83828384838283838484828283848382
83848483838383848483828384838383
83838483838384838483838484848384
83848384838384848383848483838384
84848483838484828484848383838485
84838383848483848384838483848383
83838383838382838383838383828384
83848383838483838384838483848484
83838484838383848383838484838383
84838383848383838484838384848383
84848383848483828483838484848384
82838484848482838483838484848484
83828384838283858382838483838384
85858283838483838384838283838483
83848483838384848483858584838385
84858483858483838585848384848484
83858585838384858482828484848382
84848482848484838584848485848484
83838385848484848484848483838484
84848484838484838484838284838383
84848485848484858484848482838485
84838383838383848383838383838484
86868586868686868786858685858586
85858686848587868384858684838384
86858585858585868584868685858686
86858587878686868585858685858585
84848384848583848584838385848384
84848484858585848484858584848484
86868786858787878486868583848586
83838586838384858383828384848383
83848483848383838284838384848484
84848383838383848383838383838383
84848484848384838383848483838384
84838384838284848383848483838382
83838383828383828383838383828384
83828282838182818282828283838283
81848483828484838383848383838383
83838382838282838383838383838382
84848484848585858483848584838485
84838384858484848484848484848384
85858484848584848384858483848585
84848484848584838484848484838383
83838484848382848383838482848383
82848383838482838383848283838483
84848584848485848384858583838384
84848484848484848484848383848483
84838483848384838482838484838384
84838384838483848484838583848384
83838484838384848383848383828383
82848483838382838384828383848384
84848383858483838585838384858483
85848485848483858484848484848584
84848483838483838283828283848383
83838384848383838484838384848484
84848483838383848283838483838484
82838484838384838383848383848383
83848383848483828584838384848383
84858483838484848383838483838384
83838383838383828384838383848382
82848583828484838384838383838484
83838384828382838382838383838383
83838383828384828283848383838383
85848383848483838283858483838484
84838385848382838483838385858484
83838383828283838282828384828283
84838383858484838485848383848485
83838384838383848483838483838484
83838384838382838383838383848383
83848484848483848385848383838383
83838484838484838384848384848383
83848383848383838483838384848483
83838484838383848282838483838384
83838383838383838483848484838383
82838383828383838383828383838383
84838383848483838485838384858483
83848485848484858485858483858583
83838382838483828384838284838383
82838383838485848484848384858382
818180818181808181817f8181818080
82818181828281808282818182818181
82818080818180808181808181817f80
82828181828181818381818183818181
81818282828282828282828182828281
82828281828282828282828382828182
82828282818181838282828382828283
83828282838282818282828182838281
81817f7f81817f8081807f8181807f81
82828281828282818182818082838281
828080808281808081807f8081807f80
82818182818182828182828181828181
81818181818182828180828282818181
83828281818182828282828283828282
82828282828282818282828181828381
82828282838382828382828182828281
82828283838383838483838384848384
83838483848383838383838483838484
82838282838382828383828282828282
82838382838483838384838283838382
84838484848484848384848483838484
84848384848484838484848483848484
83838383838484838384838284838383
83838484828384838384848383838484
82818182838281828282818282828182
83838383838383838382838382828383
83838383828383828282828282828282
83838383828283828382828283828283
83838382838282828482838383828383
83828283848383838382838484838383
83838383838483828383838284848282
84838383838383838382828383838383
818180808181808081817f8082817f7f
81818282818181828181818281818081
82818081818180808282808082828080
81818281818181818181818182818282
82818282828182818281828181828181
81828282838283838282828382828281
81838382828283828282828282818282
83838382848483828485838382838383
82818080828180808282808082828080
82828281838281828282818282828282
81828080828180808281808081818080
82838281828382818383828282828381
83828383828283838383828283838383
83838383828383838383838383828283
84838283838383828383838382838383
84838384838383838484838384838383
82848382838483838383828283838282
83828382828283838283838182838382
82838484838383838383838183838281
83838383828383828383838383838282
83838383828383838282838383828282
83838282838483828382838383838383
83828383838383828483848383838483
83838384838483838384848483848383
83838282838282828382838382828384
83838383838483838383838484838484
83838383838384838483838484838384
82838483848484838483838484848483
84838483838383828384838384838384
83838485838384848483838383828384
83848282848484848483848384838483
84848482838485848383848484848484
84838383858584838485848482838483
82828283828181828282818181828281
84848383848484838484858484838483
81838384818283848182838482818184
81818182818181828281828282828281
81828181828182828282828283838282
81808181818082818180818180818081
81818282818181818281828282818281
83848484848383848483828385848483
83848483848483848284838383848384
84838384838384848483848383838483
84848483848384838484848484838484
81818383828182838281808181808181
82818080828181818283818181818181
83848383838383838183848480828383
81818081818181818081818181818180
84838382858383838584838385848484
88878686878785858786858586868485
85848382858383828684838385848383
88888685878787858887878588888785
8c8b8a8a8e898a898f8888888f898787
9091908d949392929392929291919091
89888888888989888a8a89898c8a8888
8a8a88898a8988898b8a898a8c8b8b8b
82838382828283828583828185848282
86858583868586858886868689878685
81828181828281808382818183848281
86858482858584838584838387858484
88898786888988878a8a898989898a8a
8687898887888a898787898989898889
86878886878786858685858487888686
95878887908988878a88878787868887
83838383838284838383838384838383
84848483848483838485838383848383
83848383848484828484848384848383
84838484848483838384848483838484
84838384848384858484848383838383
80828384818082848181828481818181
84838484848583848484848483848484
84848383838484828284848381838483
83848483848484848483848484848484
83838484838384858384848483848484
83838383838384848483848484848383
84848483848484858484838484838483
83828384838283848484848384848484
84858484848383848483838484848383
84838384848383848383848484848384
83848383848483838484848484858484
81818181818081818181828182828180
81818181838281808585838285848382
82818183818080818181808181818181
81808181808181828181828281818182
82818383828283848586868586868685
9e8882839d8883849a88838597888587
81818181818181808182818181818382
9b8683839f888283a0888284a0888283
81848484818283848281828482818283
81818180818181818182818081818181
84848584848485858383848482848584
81818184818182838181818281808081
81818181808182808181818181818081
868383808b8182819081828296838282
81818281818181818181818181818182
7f808081808181818182818182828281
8b89888c8b8a878d8a8b888d8b8b898b
8e8c8c8b8d8d8d8b8e8e8d8b8e8d8d8c
89888b8b8a888a8b8b89898c8b89888c
8d8b8a8b8e8c8b8b8d8d8b8a8d8c8b8a
8e8f8f8f8e8f8f8e8f8f8e8e8f8f8e8f
8e8e8f8f8f8f90908f8f909090909090
8e8e8e8d8e8e8e8e8e8f8f8e8e8f908f
8d8d8c8d8d8d8d8e8e8e8d8e8f8e8e8e
898b8c89898a8d8b89898c8b8a898b8b
8b8b8b8a8b8b8b8b8c8b8a8a8d8b8a8a
8c8c919c8b8b8c93898b8c8b888b8c89
8d8c8b8b8c8c89898b8b8a898a8b8b89
8d8d8c8a8e8e8d8b8e8e8d8c8f8f8d8d
8e8e8e8e8e8f8e8e8e8e8e8e8f8e8d8d
8e8e8d8c8e8d8d8c8e8d8d8c8d8d8c8b
90908f8f8f8e8e8f8e8e8e8f8e8f8f8f
8d8d8d8e8e8e8d8e8f8f8f8f90909090
8e8d8d8d8e8d8e8d8e8e8f8f8e8e8f90
8f908f8e8f8e8e8d8d8d8d8d8c8d8d8e
8f8e8d8d9693918f93918f8d8e8d8d8d
919090908e8f8f8f8e8e8e8f8c8c8e8e
909192919090918f8f8e8f8e8e8e8e8d
8d8e8e8e919394959494949393919090
8b8a8b8d929292929595949493949493
8f8e8d8e8f8e8f8f9190908f91908f8f
9a979390989594929794939392929191
96959592929292909190908f908f8e8d
91939596939393939694929199969391
9c9b9b9a9c9c9b9a9798989891908e90
9a9b9c9d9193979b8c8c8f938a898a8f
94929091989795949a9999979c9b9b9a
999796969d9c9a9a9e9f9e9c9a9c9b9c
929aa0a78e96a0a58d909ba18c8c959f
8f8f8e8f8d8e8e8e8d8c8c8d8c8c8b8c
aaa8abada6aaa9ad9da6a7ab969fa3aa
8e8e92a18f8f8e96908e8d90908f8e8e
91908f8f908f8f8e8f8f8e8d8e8e8e8c
9190908f9290909092908f8f91908f8f
97979390949694909395949292939191
91929395919092949290919391909191
acacad9ea9acaca4a8aaaea8a8a9aeac
a3b2aaa793a6b0a98f94a8ae8e8e9cab
aba59081abaa9c87abaca58eadadab96
a4a9aaaaa1a7ababaea6a9acb3afa6ab
92919192969191909994919199979290
989b9d9896979a9b9595979a92939598
ada9a09fa5afada7979ca3b0929294a0
9792909d9d9591969f9c94929b9e9a94
98989795989897959997979598979593
97999a9995989a999396999a91949898
93929190959492929796949298979694
9b9999969c9a99979c9b9a999b9c9b99
929292948f8f90928d8f8f908f8f8e8f
8f8f90918f8e8f8f8f8f8e8e92919190
9b9c9c9c9a9b9d9d97989a9c93969698
9b9c9c9b9797999a9293949691919292
90929596909192959091929291909191
92919090959492909796949298979694
999ca09d979a9ca095989a9c92959899
8e9093968e8e91948f8e8f91908e8e90
999896949a9997969b9a9a989b9b9b99
9a9a9a9a9b9b9b9b9c9c9c9b9d9d9c9b
8e8e8e8e91908f8e9593908f98979491
9190908f9594949397989897999a9999
908f90918f8f90908e8e8e8f8d8c8d8e
8f8f90908d8d8e8f8c8d8d8e8a8b8c8e
8d8c8c8d939495949595969592919193
8d8c8c8c939291929596949493939292
8c8d8f8f8d8d8e8e8d8d8d8c8c8c8b8b
8b8d8d8c8c8c8c8c8d8d8c8c8c8c8b8b
93948f8c929291938f9193948d8e8f91
8e8e8f908d8d8e908c8d8f8f8c8d8e8d
979798988f8e8f8f8f8c8d8d8d8b8b8b
9a9a98979a979390979391918f91918f
999a9a9a9e9d9e9e9c9b9b9d98999a9a
9294969896989b9d989a9c9d9a9b9a99
929496989394979a9395979893979791
8f8e8e8f8f8d8c908e8d8d8f8e8f8f91
908e8f908f9091938f90949790939698
9495969493959692919294918f8f9190
8a8b8c8b8b8b8b8c8b8b8c8c8c8c8d8d
858a8c8c868a8b8c878a8b8c878b8b8c
8c8d8d8e8c8d8d8d8c8d8c8c8b8c8c8b
8586898b84888a8b85888a8a85898b8b
86858585868685858586868586868685
86858485868685848586858585868584
86858686858484848585858485858685
85858585868685848685848485858485
8c8d8e8e8d8d8e8f8d8d8d8e8c8d8c8d
868587898686878a8686888a8586888a
888c9293898d91948b8d8f928c8d8e90
85858687858585878585868986858689
84858586858586868585858686868686
86858686868586868584858584848485
85868785868787858586858584858484
86868786878685868686858586868686
90908f908f8f8f8f8f8f8f9091939392
9292908f8f8f8f8f8f8e8f8f8f909090
9b9a9a9a979695969391919291909091
9b9b9c9c9b9b9b999a98969496949291
979695939594929194918f8f928f8e8f
93959697949596959596969696959595
96989a9a9798999a9899999997989898
8e9092948f9193959193949592949696
9a999999999a9b9b9b9b9c9c9c9b9b9b
98999a9a9a9c9c9a9a9c9b9a9b9b9b9b
90919291949494949696969699979898
8f919192919393949395969797989a99
8f92949692959698939698999597999a
8a898b8c898a8c8e8a8c8d908c8e8f92
8a8b8c8c8b8b8d8f8c8d8f928d8f9295
8b8b8b8b8c8b8b8b8b8b8a8b8a898b8b
87888c9087898d92888a8f93898b8f94
86858687868586878685868785868687
8687888a8687888b87878a8d87888b8f
85868787858686868585868786858687
85858685868586868686868685858686
86858586868586868686858586868685
85868785858585858685858686868687
86868686868686858686858586858585
8787898a8787898a8787898986878789
85848587868686878687868686868686
a79b8b8b9e9a8c8b8e8f8a8a8788898a
919ca1a2888c90968888888a86858787
86868686868686868686868785868686
87888686878786868686868686868685
87878889868888868787878686878686
87878788878687888686868788878786
86868585878685858786858586868585
86868686868685868585868685848687
85868685878785858686858586868584
85868685858585858586848587868485
86868585868786858587868586878685
86878686868686868586878684858686
86868686858686858687868486858585
86868686868687868687878686868686
86868687868685878686868685858685
86868686868686868786858686868584
86878787868786868686868586868586
85878785868787868687878784868787
86858586868585868584848586858585
86858586868685858585868685858585
86868785868686868686858586868585
86878787878686868585858585848586
85858685848485868583838585838384
85838484858484848584848584858485
86868686858686868687878786878687
86878686858686868484868684828385
84848385858484858484848584848584
83848484838584848485848484848484
84838485848382848484848483838385
85848484848484848484858484848483
85868686858685868685858785868686
86858585878685848785858687868686
86858686868586878685858685858686
86868787868585868585858586868586
86858586868585868586868683858586
84858686848385868484848484848483
86868687878786868686868585858686
87878687878786868586858685858586
86858585868585868686878685868786
86868586868686868786868686878685
86868586878685868686868787868686
86868685868686868686868586868586
86878787858687878685858687868685
87868687868685858686868786868787
86858687858687868687878687878686
87878685868686858686878687868788
86868686858586868585878786858586
86868786858586878585858686868586
87878788868686878587868686878587
87868686868686868788868687878786
86868687858586868586878586858787
86878786878785858785858686868686
87878887878787858787878686878687
87878787868686888786868686878787
87878788878787878586878786868686
86888786878787878686878686868686
88878686878787868786878787868788
87878786878687878887868787878787
87878686878687878586868786868687
87868586858586878686868787868586
88878887878786878787868787878687
86878788868786868787878787878787
87878787878787878686868687868686
87878786888886868787878787878787
88878687868687878687878786878786
87868687878686868888878787878787
87878787888887868887878888878888
88888787878887878887868887888788
87868888888787878888878887878788
87878787868787878788878787888887
83848483848384838483838483838484
84838484838484848384848384848383
83838384838484838383838483838484
84838484848384848483838484838484
84848384838483838383838383838383
83848584838485848384858382838383
84848483848484838584838484848384
83838484828284848283838482838483
84858483838484848484848384838384
83838484838382848382838483828383
85858686848587878482858684838485
84838485848483848482838583838484
85848484848484838383848384848483
83848585838384848383838483848384
85848384858484848484848484848384
84848485838484858384838483848484
86868687878787868686868586868585
85878686848485868385858682838486
86868687868686868687868786868687
87868686878686868787868687878786
84828485848383848384848283838383
83838586838484848385848484838384
86878687878787878787878585858687
85878887848687868585858585858585
85878787858788878687868687868687
87878786878687868787878787878787
88878687878786878687878787878787
88878687888787878887878687888787
87878887888787888787878886878787
87878888888887878888878787868787
88888788878686888786868887878787
89878788888787888888878787878788
81818080828280808181808081818080
82838483838383828283838182838381
8382808082817f808282808082828080
83848484838485838283848282838381
84838383838383838382838384838382
84838383838383838384838384838383
83838384838282838483838384838383
84838383848383838383838383848382
82828080828280808381808183828080
83838382838384828383848483838384
84838081838380808382818083828080
84848383848382838383838383838483
84848383848484848484848483848584
85848384858484838584838384848383
84848484838384848484838384848382
84848484848484848484848384838384
83838384838382838383828383828182
84848383848383828483838383828383
82828384828283848382848483838484
84848483848384838484838384848384
83838484828484848384848483848383
84848483838485838484848384838282
84848383838484848484858485838484
84848484848585838484848484858485
83838484848383848483848583828384
83848383838483838384838483848483
85848484848585848484848383838485
84858585848483838484848383848483
83838483848484838483848383838483
85838484848484848484848484848483
83838485838385848484848383848483
84858485858584848485848485848484
84838484848384848483838484838384
85848484848484858484848484848384
83848484848484848584848485848484
85848483858484848585848485858484
84848484838484838484838384848384
83848484838384848483838484838484
84848484848484858485848484848585
84848484848484848484858485858484
84858485848584858484838484848384
84858584848585848584848485848484
7e808183848584858585858484858484
7d7d7e7e7f7f80828384848584848484
84838384858484848485848485848484
7f808182838383848484848584848585
7d7d7d7d7c7c7c7c7c7d7d807f808184
7c7b7b7c7b7c7c7d7c7c7d7c7d7c7d7e
85848483848484848484848484848584
83848484828484858183848581818384
85848485858484858485858584858584
84858585848584858485858584858584
8180808181808181807f808080808081
7b7b7b7f7b7b7e817b7c7f817d7e8081
7b7c7d827a7c81837c7f82837f7f8082
7b7c7c7a7a7c7c7b7a7b7d7d7b7a7b7e
7c7d7e7e808182828485858585858584
7d7c7c7c7c7d7e818082838484848584
7c7d7d7c7c7c7c7c7b7b7c7c7b7a7b7d
7c7c7c7c7b7c7b7c7b7b7b7c7c7b7c7c
7b7b7c7c7b7a7c7c7a7b7d7d7b7c7c80
7a7b7a7a7b7c7a7b7c7c7b7b7b7c7b7b
7c7d7d7d7b7b7c7c7c7b7b7c7c7b7c7c
7b7b7b7c7b7b7a7c7a7b7a7a7b7a7a7a
827e7d7c92817e7ca28d807ea99b877e
a7a59e8ea8a7a8a4a7a9a8a9a5a9a9a9
7b7c7b7b7c7c7c7a7c7d7c7a7e7c7c7c
7e7c7c7c837f7d7c94867f7da49a8880
a0a2a2a69ba2a4a5a09fa4a4aaa1a0a2
98a5a19b929aa59f93929ca6939293a4
989288819e9b988fa19ea0a0a3a1a2a5
9c9ea19e9c9b9fa2a29b9da2a3a39b9f
7a7b7a7a7b7b7a7a7b7b7a7a7a7b7b7a
7a7a7b7a7b7b7c7b7b7c7b7b7b7b7c7b
7f7b7a7b7c7a7a7a7b7b7b7b7a7b7a7b
7d7d7d7f7a7a7b7c797a7b7b7a7a7b7a
7a7a7a7a7d7b7b7b827e7b7a8b857f7c
827f7e7b928c847e9d9a91879ea09f95
7d7d7d7d7a7a7b7a7a7a7a797a7b7a79
7d7d7d7e7b7a7b7c7a7a7b7b7d7b7a7a
92929391959492939b9993929b9c9a95
9495959494969797919498998f939698
949fa49e9295a1a4919398a292929297
91929393939292929393929294949492
919192948f8f91928d8e8e908e8d8d8f
8f8e8f908d8d8e8f8d8e8e8e8e8e8e8e
93929392939292939191929291919293
92919293919292928f9091908f908f90
9e99938aa29e9e99a3a09d9e9ca49f9d
929299a19192959f9393939993939394
7e7e7e7e7c7b7a7b827f7c7b9189837f
7e7e7d7d807f7d7c8b88878492929899
91919291919192929292929393929393
92929392929293929393939393939394
8382807e8d88858190908f8d92929191
898988859192918f9292929292929393
8e8e8e8f8e8d8d8e8e8e8d8d8e90908f
8f8f8e8e8e8e8d8d8d8e8e8e8d8e8f8e
919091929191919291919190908f8f8f
8f9090918f9091918f8f90908f8f8f8f
8e8d8d8e8f8e8e8e8d8e8e8d8b8c8d8c
8c8c8e8e8c8c8d8e8c8c8d8c8c8c8c8b
8e8e8f8f8e8e8e8f8f8e8e8f8e8f8e8e
8f8e8c8e8d8d8e8d8e8d8d8f8d8c8d8f
90919192919091929090929290909192
8f8f8f918e8f90918e908f8f8f908f90
8888898a909091929090929290919293
878788888e8e8f908e8e8f8f8f8f9090
8e8e8e8e8e8e8e8d8e8e8e8d8e8d8e8e
8f8e8e8d8f8f8e8e90908e8e8f8e8d8e
878787878e8d8d8e8d8d8d8e8d8d8e8f
888888878f908f8e8f8f8f8e8f8f8f8e
a59a8d8ca59a8d8ca79a8c8ba89c8b8b
aaa8a8a6aba9a7a6aba9a8a7a3a8a7a5
a2978d8da3988b8da49a8c8da59b8d8c
aaa9a7a4a9a8a8a4a6a6a8a5a7a6a8a6
a4adaeac93a3abab898f9da788888c96
87888b958786898b8786878886878787
adafafacaeb0afacafaeaeacadaeaeac
a9b0aead95a8aeae8b9aa8ad888c98a6
99938e8e9c948f8f9d968e8e9f968d8d
aaa6a5a2a9a6a6a2a9a5a6a2aaa7a6a3
8d8888889d9190909e938e909b948f8f
95949493a9a6a4a5a9a6a3a2aaa6a3a0
aeacacacabadadadadadaeaeadadafae
b5bfc0b9b9bebbb1b9bab3adb5b4afad
a1a19d96c1beb3aabfb5acabb7aeaaab
8a9aa0a09bb7c0c0a6bbbfc0aebdc0bf
86878786878686878785868886868887
85878785868786868786868786878687
85858290888785858988878687888687
86878685868686868686858786878686
87878785878786878687868785878786
87878686888887868787878788868786
87878686868587878686868687878685
86878887878687878787888787868888
88898a9987898ba085878da48484879e
83848487848584858684828386848384
83848583878888888787878e88888993
83838384858686878687868785868586
84838281878683838686868687888686
87868685878888868787878787888786
83838383858686868283858582818283
7e7f82837b7e84847f7d818385818184
87868788878788878687878787878687
87878888868686878686878787878787
88868587878687888686878787868787
89888586888887878887898887878888
87878888878788878787878787878887
87868686878787878687888787888786
888a8988888988888888888888878788
87878887878788878787888888878788
88868687888786878887878788868686
89888788898887888787878887868687
7e7d81817c7d83808384868387868787
828185868282898b8083878887888788
8a8a8a89888988888989888889888787
8689898a878788888787888888878789
8f909189a0a0a08da0a09e8b9796928a
8e8a8c8f948e8b99878a8895858a8c92
87888888878787878686878787878686
88878787888887878787888888878888
88888988888889888887888788878888
88888889888688898887888888878687
8a888888898888888988888788878888
89888889888788898687878886878889
88878788898787898988888989888889
88868788888889898787888988888789
8a8c827d878987868989888888888889
9ba1a093969791878b8a898889888989
91919090a0a19b94a19b877d9c8f7c79
91929190a2a1a2a0999b9ea08f9ca0a1
7a797e8e7b829197838a8c8c88888889
807e7c7b807a7a7a8a807c7e89858487
91929191a2a2a2a29f9d9b998b878282
8d9191919ba2a2a19ba1a0a09295908e
